uid218	82,5,4,7,17,39,93,6,10,81,22,94,1,9,8,3,14,13
uid470	5,24,33,27,6,40,32,29,42,1,3,30,25,38,28,41,31,26
uid51	35,94,44,0,9,8,11,7,27,15,80,10,36,32,81,29,91,28,3,4,30,84,92,24,6,90,2,22,41,25,31,5,33,40,37,42,1,89,38,45,14,26
uid381	35,24,27,36,32,37,29,40,42,41,38,28,25,31,26
uid444	17,4,92,10,6,93,81,22,94,0,1,9,8,3,7,12,13
uid154	59,11,88,21,27,13,81,49,16,12,68,24,6,66,22,33,56,47,85,26,54,80,91,84,86,43,2,31,50,60,14,94,67,44,9,8,7,55,58,10,62,36,3,4,92,108,90,41,63,5,57,37,42,1,18,35,52,0,17,15,51,32,29,28,30,87,48,20,65,46,25,39,40,89,61,38,45,53
uid442	44,9,8,7,27,10,32,29,4,3,28,30,84,24,6,46,25,41,31,5,33,40,37,42,1,38,45,14,26
uid421	82,94,44,9,0,8,11,7,88,21,27,17,80,10,32,81,29,4,28,3,16,30,12,87,24,6,86,46,2,22,41,25,31,5,33,40,42,1,38,85,14,26
uid514	0,9,8,11,7,21,27,17,10,32,29,4,3,28,16,12,30,24,6,20,46,43,22,2,25,31,41,5,39,33,40,37,42,1,18,14,26
uid467	44,27,36,32,29,3,4,28,30,84,24,6,46,41,25,31,5,33,40,37,42,1,38,26
uid135	11,88,21,27,13,72,81,49,16,12,68,24,6,66,22,33,56,47,85,26,54,80,91,84,86,43,2,31,50,60,14,73,67,44,9,34,8,69,7,55,58,75,10,93,36,62,3,4,92,90,41,63,5,57,37,42,1,18,70,0,17,15,32,29,28,30,87,20,65,46,25,39,40,71,89,61,38,45,53
uid499	24,27,40,29,42,25,38,28,41,26
uid459	94,44,9,0,8,11,7,88,27,17,10,32,29,4,28,3,16,30,12,87,24,6,86,46,2,22,25,41,31,5,39,33,40,42,1,18,38,85,14,26
uid563	87,24,33,40,26,29,42,86,81,41,88,85,25,31,27,13
uid495	0,9,8,11,7,88,27,17,10,36,32,29,4,3,28,16,12,30,87,24,6,86,46,2,25,41,31,5,33,40,37,42,1,85,14,26
uid256	44,0,9,11,27,15,80,10,36,32,81,29,91,28,16,30,84,92,24,46,2,41,25,31,40,37,42,1,89,38,45,14,26
uid301	44,8,11,7,27,17,32,29,3,28,4,30,24,6,48,46,43,41,25,31,5,39,33,40,37,42,1,38,26
uid437	94,44,9,8,7,27,13,10,32,81,29,3,4,28,30,24,6,46,2,22,25,41,31,5,33,40,37,42,1,85,14,26
uid193	59,52,44,0,9,47,8,67,11,7,88,21,54,55,58,27,60,17,15,80,10,51,36,32,81,29,62,91,53,28,3,4,16,30,12,84,87,92,24,68,6,48,86,85,20,65,66,46,43,90,2,22,41,25,31,50,63,5,39,33,57,40,37,42,1,56,18,89,61,38,45,14,26
uid334	82,81,13
uid431	82,94,9,8,7,88,27,13,17,15,10,32,29,4,3,28,30,84,87,92,24,6,86,22,2,41,25,31,5,33,40,37,109,42,1,38,85,14,26
uid210	5,4,7,17,39,6,1,8,3
uid34	82,59,76,11,88,27,13,72,81,79,49,16,12,68,24,6,66,22,33,56,47,26,85,54,80,86,78,43,2,31,50,60,14,73,94,67,44,9,34,8,69,7,55,58,75,93,10,36,4,3,64,108,41,63,5,57,37,42,1,18,70,77,52,0,17,15,32,29,28,30,87,20,65,46,25,39,40,71,61,38,45,53
uid542	24,33,27,6,28,26,37,29,1,38,3,25,31,30
uid200	35,94,44,0,9,8,11,7,27,13,15,80,10,36,32,81,29,91,28,3,4,30,92,24,6,90,2,22,41,25,31,33,40,37,42,1,89,38,45,14,26
uid536	0,9,8,7,27,15,80,10,29,91,3,4,16,30,24,6,46,22,25,31,5,33,1,89,38,45,14
uid345	82,87,24,28,33,27,40,86,26,42,44,81,25,88,41,31,85,13
uid337	9
uid75	82,59,76,11,88,27,13,72,81,79,49,16,12,68,24,6,66,22,33,56,47,85,26,54,80,91,84,86,78,43,2,31,50,60,14,73,94,67,44,9,34,8,69,7,55,58,75,10,93,36,3,4,64,92,108,90,41,63,5,57,37,96,42,1,18,70,35,77,52,0,17,15,32,29,28,30,87,20,65,46,25,39,40,109,71,89,61,38,45,53
uid286	72,40,29,71,34,42,41,70,38,25,31,26,73
uid476	94,44,0,9,8,88,7,27,10,32,29,4,3,28,16,12,30,87,24,6,86,22,41,25,31,5,33,40,42,1,85,14,26
uid455	44,9,0,8,11,7,88,27,10,32,29,4,3,28,16,30,12,87,92,24,6,86,20,46,43,22,41,25,31,5,39,33,40,37,42,1,18,38,85,14,26
uid10	82,35,77,52,0,9,34,76,83,11,54,88,58,75,13,72,80,62,36,32,81,29,79,53,4,3,28,30,68,87,84,24,108,6,48,86,85,65,66,46,78,43,22,2,25,31,50,63,41,5,57,33,39,40,37,42,1,71,56,61,70,38,60,47,26,73
uid489	44,9,7,27,10,32,29,3,28,4,30,84,92,24,6,46,2,41,25,31,5,33,40,37,42,1,38,45,14,26
uid110	82,76,11,88,27,13,72,81,49,16,12,68,24,6,22,97,33,56,47,85,26,54,99,80,91,84,86,78,43,2,31,50,60,14,73,94,34,9,44,8,69,7,55,75,10,62,36,93,3,4,64,92,108,90,41,63,5,37,42,1,18,70,35,77,52,0,98,17,15,32,29,28,101,30,87,48,100,20,65,46,25,39,40,71,89,61,38,45,53
uid344	82,94,44,0,9,8,88,7,27,13,80,10,81,29,28,3,4,30,87,24,6,86,85,46,22,25,41,31,5,33,40,42,1,89,38,45,14,26
uid281	44,88,27,13,26,81,29,28,30,84,87,24,86,25,41,31,33,40,42,38,85
uid418	82,94,0,9,8,7,27,13,17,80,93,10,36,81,32,29,4,3,28,16,24,6,20,22,25,31,5,39,37,1,18,38,45,14,26
uid275	24,40,29,42,25,41
uid308	44,9,0,8,11,7,88,27,13,15,10,32,29,4,3,28,30,12,87,24,6,86,46,2,25,41,31,5,33,40,42,1,85,14,26
uid537	94,44,9,0,8,7,88,27,17,10,26,32,29,4,3,28,16,12,30,87,24,6,86,22,41,31,25,5,39,33,40,42,1,14,85
uid267	82,87,24,33,27,40,26,86,42,44,81,41,88,25,31,85,13
uid70	82,0,9,27,15,80,10,36,32,81,29,91,28,16,30,84,92,24,90,41,25,31,40,37,42,89,38,14,26
uid241	44,9,8,11,7,88,27,10,32,29,4,28,3,30,87,24,6,86,46,22,25,41,31,5,33,40,37,42,1,85,14,26
uid177	59,94,52,0,9,44,47,8,67,11,7,88,21,54,55,58,27,60,17,15,80,10,62,36,32,81,29,49,91,53,28,3,4,16,30,12,84,87,92,24,68,108,6,86,85,20,65,66,46,43,90,22,2,41,25,31,50,63,5,39,33,57,40,37,42,1,56,18,89,61,38,45,14,26
uid456	94,44,9,0,8,11,7,88,27,13,17,80,10,93,81,32,29,4,3,28,16,30,12,87,24,6,86,85,46,22,2,25,31,41,5,33,40,37,96,42,1,38,45,14,26
uid483	9,8,7,27,10,32,29,4,28,3,30,84,24,6,86,46,25,41,31,5,33,40,37,42,1,38,85,14,26
uid60	35,24,27,36,32,37,29,44,40,42,41,30,38,28,45,25,31,26
uid270	82,81,13
uid385	82,87,24,33,27,88,40,86,26,42,44,81,25,28,41,31,85,13
uid571	4,92,6,1,9,3
uid206	5,4,7,17,39,80,10,6,1,9,2,8,3,13
uid287	29,71
uid201	35,44,0,9,27,80,10,36,32,81,29,91,28,16,30,84,24,46,90,41,25,31,40,37,42,89,38,45,26
uid54	94,0,9,44,8,7,27,13,15,80,10,93,36,81,29,91,28,3,4,16,30,12,87,92,24,6,86,85,20,90,22,2,41,25,31,5,39,40,37,96,42,1,89,38,45,14,26
uid289	72,24,27,40,29,71,34,42,41,70,38,69,25,31,26,73
uid556	87,4,5,24,40,81,1,3,41,85,13
uid378	88,27,13,32,26,29,81,28,30,84,87,24,86,25,41,31,33,40,42,38,85
uid183	94,44,0,9,8,11,7,88,21,27,13,17,15,80,10,93,36,32,81,29,91,28,3,4,16,30,12,84,87,92,24,6,48,86,85,20,46,43,90,2,22,41,25,31,5,39,33,40,37,42,1,18,89,38,45,14,26
uid217	5,4,7,17,39,24,10,6,28,29,1,9,8,46,3,25,26
uid523	82,87,24,33,27,40,86,26,42,81,25,88,41,31,85,13
uid568	24,27,36,32,40,29,42,37,41,30,38,28,25,31,26
uid204	24,27,36,32,37,29,44,40,42,41,30,38,28,45,25,31,26
uid235	82,0,9,8,11,7,13,15,10,93,81,4,3,12,6,20,2,5,39,1,18,14
uid63	25,29
uid342	82,83,27,13,81,32,29,28,30,84,24,46,41,25,31,33,40,37,42,38,26
uid155	35,44,0,9,8,11,7,27,13,15,80,10,36,32,81,29,91,28,3,4,30,84,92,24,6,46,90,2,22,41,25,31,5,33,40,37,42,1,89,38,45,14,26
uid274	84,24,27,36,32,40,29,42,37,41,30,38,28,45,25,31,26
uid532	35,94,0,9,8,7,27,15,80,10,36,81,29,91,4,3,92,24,6,22,90,25,31,5,1,89,14,26
uid122	82,94,44,0,9,8,11,7,27,13,17,15,80,10,93,36,32,81,29,91,28,3,4,30,84,92,24,6,46,90,2,22,41,25,31,5,33,40,37,42,1,89,38,45,14,26
uid170	82,76,11,88,21,27,13,72,81,79,49,16,12,68,24,6,66,22,33,56,47,85,26,54,80,91,84,86,78,43,2,31,50,60,14,73,94,67,44,9,34,8,69,7,55,58,75,10,62,36,3,4,92,90,41,63,5,57,37,42,1,18,70,35,77,52,0,15,51,32,29,28,30,87,48,20,65,46,25,39,40,71,89,61,38,45,53
uid226	94,0,9,8,11,7,88,13,15,10,26,32,29,4,3,28,16,30,12,87,24,6,86,20,46,43,22,2,25,41,31,5,39,33,40,37,42,1,18,38,45,14,85
uid258	82,34,83,27,13,36,32,81,29,28,30,84,24,46,25,41,31,33,40,37,42,38,45,26
uid53	82,44,9,0,8,11,7,27,15,80,10,36,32,81,29,91,28,3,4,16,30,84,92,24,6,90,41,25,31,5,33,40,37,42,1,89,38,45,14,26
uid237	82,35,0,9,44,8,7,27,13,17,93,10,36,81,32,29,4,3,28,12,30,84,24,6,46,22,2,25,31,41,5,39,33,40,37,42,1,38,45,26
uid97	82,94,52,44,0,9,67,8,34,11,7,88,58,27,13,60,17,15,72,80,10,93,36,32,81,29,51,62,91,53,28,3,4,16,30,12,87,68,92,24,108,6,86,85,20,65,66,46,43,90,2,22,41,25,31,50,5,39,33,57,40,37,42,1,71,56,18,89,61,38,70,45,14,26,73
uid343	44,88,27,36,32,29,28,30,84,87,24,86,85,46,41,25,31,33,40,37,42,38,45,26
uid386	44,0,88,27,32,29,28,3,30,84,87,24,6,86,41,25,31,33,40,37,42,1,38,85,26
uid364	81,13
uid346	82,0,9,11,88,27,13,15,80,10,93,36,32,81,29,91,28,30,87,92,24,86,90,41,25,31,40,37,42,1,89,38,85,14,26
uid413	82,94,0,9,8,7,21,13,17,93,10,81,3,12,6,20,22,39,1,18,14
uid425	44,9,0,8,7,88,27,10,93,81,29,4,3,28,16,30,12,87,92,24,6,86,46,2,25,41,31,5,33,40,42,1,38,85,14,26
uid409	5,4,7,94,6,10,0,1,9,8,11,3,14,12
uid310	7,4,94,10,93,6,22,9,1,8,3,13
uid305	59,94,52,44,67,9,8,7,54,55,58,27,60,17,32,29,49,53,28,3,4,30,68,24,108,6,48,65,66,46,14,43,22,41,25,31,50,5,39,33,57,40,37,42,1,56,61,38,45,47,26
uid493	82,44,0,9,8,11,88,7,27,13,17,10,93,26,81,29,32,23,28,3,4,16,12,30,87,24,6,86,20,2,25,41,31,5,39,33,40,42,1,18,14,85
uid1	24,27,36,37,29,25,31,26
uid102	94,44,0,9,8,11,7,21,27,13,15,80,10,93,36,32,81,29,91,28,3,4,30,84,92,24,6,46,90,2,22,41,25,31,5,33,40,37,42,1,89,38,45,14,26
uid369	81,13
uid341	87,24,27,40,86,42,44,1,11,25,88,85,41,31,26
uid22	82,94,0,9,44,34,8,83,11,7,88,27,13,17,15,80,10,93,36,32,81,29,91,28,3,4,16,30,12,84,87,92,24,6,86,85,20,46,43,2,22,90,41,25,31,5,39,33,40,37,109,42,1,18,89,38,45,14,26
uid299	59,94,67,0,9,47,8,11,7,54,58,55,27,60,17,15,10,32,29,49,53,4,28,3,16,30,12,68,24,6,48,65,66,46,43,2,22,25,31,50,41,5,39,33,57,40,42,1,56,61,38,45,14,26
uid541	0,9,47,8,7,21,27,17,32,29,49,28,3,4,30,12,24,6,48,46,22,2,25,31,5,39,33,1,14,26
uid46	35,24,27,36,29,25,31,26
uid66	24,27,36,32,37,29,38,28,25,31,26
uid68	82,35,59,94,52,44,0,9,34,8,67,11,7,88,55,58,54,27,13,60,17,15,80,10,93,36,32,81,29,62,49,91,53,28,3,4,16,30,12,84,87,92,24,68,6,86,85,20,65,66,46,43,90,2,22,41,25,31,50,63,5,39,33,57,40,37,42,1,56,18,89,61,38,45,14,26
uid416	82,44,9,8,7,27,13,17,10,93,36,81,32,29,4,3,28,30,84,24,6,46,25,31,41,5,39,40,37,42,1,38,45,14,26
uid292	0,9,44,27,15,80,10,36,81,32,29,91,3,4,28,30,92,24,6,46,90,25,31,41,5,33,40,37,42,1,89,38,45,14,26
uid43	82,94,0,9,44,34,8,83,11,7,88,21,27,13,17,15,80,10,93,36,32,81,29,91,28,3,4,16,30,12,87,92,24,6,86,85,20,46,43,90,2,22,41,25,31,5,39,33,40,37,42,1,18,89,38,45,14,26
uid134	59,11,88,27,13,72,81,49,16,12,68,24,6,66,33,56,47,85,26,54,80,91,84,86,43,2,31,50,60,14,73,94,67,44,9,34,8,69,7,55,58,10,62,36,3,4,92,90,41,63,5,57,37,42,1,18,70,52,0,17,15,51,32,29,28,30,87,48,20,65,46,25,39,40,71,89,61,38,45,53
uid246	0,9,8,7,27,17,15,80,10,81,29,91,28,3,4,30,92,24,6,2,90,22,25,31,5,33,37,1,89,14
uid403	82,44,9,0,8,11,7,27,13,15,80,10,93,32,81,29,4,3,28,16,30,12,24,6,46,2,41,25,31,33,40,42,1,38,14,26
uid558	24,27,36,40,37,29,42,41,38,25,31,26
uid277	24
uid297	44,9,27,32,29,28,3,4,30,84,24,6,46,25,41,31,5,33,40,42,1,38,14,26
uid33	35,94,44,0,9,8,11,7,88,21,27,17,15,80,10,36,32,81,29,91,28,3,4,16,30,12,87,92,24,6,86,85,46,90,2,22,41,25,31,5,33,40,37,42,1,89,38,45,14,26
uid5	82,104,59,76,11,88,21,27,13,72,81,79,49,68,24,6,66,106,22,97,33,56,47,85,26,54,99,103,102,80,86,78,43,2,31,50,105,60,73,67,44,34,9,69,55,58,75,93,36,4,3,107,63,41,5,57,37,42,1,70,77,52,0,98,83,51,32,29,28,101,30,87,48,100,65,46,25,39,40,71,61,38,53
uid368	82,44,88,27,13,81,28,87,24,48,86,25,41,31,33,40,42,85,26
uid173	35,94,44,0,9,34,8,11,7,88,27,15,80,10,36,32,81,29,91,28,3,4,16,30,12,84,87,92,24,6,86,85,20,46,43,90,2,22,41,25,31,5,39,33,40,37,42,1,18,89,38,45,14,26
uid198	82,59,11,88,21,27,13,81,49,16,12,68,24,6,66,22,33,56,85,26,54,80,91,84,86,43,2,31,50,60,14,94,44,9,34,8,7,55,58,10,93,36,62,3,4,92,108,90,41,63,5,57,37,42,1,18,35,52,0,17,15,51,32,29,28,30,87,20,65,46,25,39,40,89,61,38,45,53
uid482	82,94,44,9,0,8,11,7,27,13,17,15,93,10,32,81,29,3,28,4,16,30,12,84,87,24,6,46,2,41,25,31,5,33,40,37,42,1,38,45,14,26
uid105	35,44,0,9,8,11,7,88,27,13,17,15,80,10,93,36,32,81,29,91,28,3,4,16,30,12,84,87,92,24,6,86,85,20,46,43,90,2,22,41,25,31,5,39,33,40,37,42,1,18,89,38,45,14,26
uid224	11,32,29,4,3,28,30,84,24,6,46,2,41,25,31,5,33,40,37,42,1,38,45,26
uid284	82,24,27,81,25,31,26,13
uid550	0,9,44,8,11,7,88,27,15,80,10,81,32,29,91,4,3,28,16,30,12,87,92,24,6,48,86,46,90,25,31,41,5,33,40,37,42,1,89,85,14,26
uid0	0,9,8,11,7,21,27,13,17,10,32,29,4,3,28,16,12,30,24,6,20,2,25,31,5,33,1,18,14,26
uid481	82,94,0,9,8,11,88,7,27,13,15,10,93,81,4,3,16,12,87,24,6,86,2,22,41,25,31,5,33,40,42,1,85,14,26
uid57	0,9,44,34,8,69,7,27,17,15,72,80,10,36,32,81,29,91,28,3,4,30,84,92,24,6,46,90,22,41,25,31,5,33,40,37,42,1,71,89,70,38,45,14,26,73
uid174	35,36,29,25,31,26
uid162	82,59,94,52,0,9,44,47,8,67,11,7,88,21,54,58,27,13,60,17,15,80,10,93,36,32,81,29,49,91,53,28,3,4,16,30,12,84,87,92,24,68,108,6,48,86,85,20,65,66,46,43,90,2,22,41,25,31,50,5,39,33,57,40,37,42,1,18,89,61,38,45,14,26
uid328	59,52,34,8,69,7,54,55,58,75,27,17,72,36,32,29,53,4,3,28,30,68,24,108,6,65,66,46,43,22,25,31,63,41,5,39,33,57,40,37,42,1,71,56,61,70,38,60,47,26,73
uid548	94,44,9,0,8,11,7,27,13,15,10,32,29,28,3,4,30,12,87,24,6,86,46,22,2,41,25,31,5,33,40,37,42,1,38,85,14,26
uid215	5,4,7,17,39,6,1,8,3
uid272	44,88,27,36,32,29,28,30,84,87,24,86,85,46,41,25,31,33,40,37,42,38,45,26
uid538	44,9,0,8,11,7,88,27,13,17,15,10,93,32,29,4,3,28,16,30,12,87,24,6,86,2,22,25,41,31,5,39,33,40,42,1,38,85,14,26
uid26	82,104,59,76,11,88,27,13,72,81,79,68,24,6,66,106,97,33,56,26,85,54,99,103,102,80,84,86,78,43,31,50,105,60,14,73,44,9,34,69,58,75,62,4,3,108,107,63,41,5,57,37,42,1,70,77,52,0,98,83,51,32,29,28,101,30,87,100,65,46,25,39,40,71,61,38,45,53
uid124	44,0,9,11,27,15,80,10,36,32,81,29,91,28,30,84,92,24,46,90,2,41,25,31,40,37,42,1,89,38,45,14,26
uid76	35,94,44,0,9,8,11,7,88,27,17,15,80,10,36,32,81,29,91,28,3,4,16,30,12,84,87,92,24,6,86,85,20,46,43,90,2,22,41,25,31,5,39,33,40,37,42,1,18,89,38,45,14,26
uid505	94,0,9,8,7,88,27,10,26,32,29,4,3,28,16,12,30,87,24,6,86,22,41,25,31,5,33,40,42,1,38,14,85
uid417	82,0,9,44,8,7,27,13,10,36,81,32,29,4,3,28,16,30,84,24,6,25,31,41,39,33,40,37,42,38,45,26
uid189	35,94,44,0,9,27,15,80,10,36,32,81,29,91,28,3,4,30,84,92,24,6,46,90,2,22,41,25,31,5,33,40,37,42,1,89,38,45,14,26
uid214	5,4,7,17,39,6,1,8,3
uid23	82,59,76,11,88,27,13,72,81,79,49,16,12,68,24,6,66,22,33,56,26,85,54,80,84,86,78,43,2,31,50,60,14,73,67,44,9,34,8,69,7,55,58,75,10,93,62,36,4,3,108,41,63,5,57,37,42,1,18,70,77,52,0,83,17,15,51,32,29,28,30,87,48,20,65,46,25,39,40,71,61,89,38,45,53
uid266	82,27,13,81,32,29,28,3,30,84,24,6,46,25,31,41,5,33,40,37,42,1,26
uid338	24,36,26,40,29,42,32,30,25,38,28,41,31,27
uid545	44,27,32,29,28,3,30,24,6,46,25,41,31,5,33,40,37,42,1,45,26
uid294	94,44,9,0,34,8,11,7,88,27,13,80,10,32,29,4,3,28,30,12,84,87,92,24,6,86,85,46,22,2,25,41,31,5,33,40,37,96,42,1,45,14,26
uid89	82,35,44,0,9,8,11,7,88,27,13,17,15,80,10,93,36,32,81,29,91,28,3,4,16,30,12,84,87,92,24,6,86,85,20,46,43,90,2,22,41,25,31,5,39,33,40,37,42,1,18,89,38,45,14,26
uid546	0,9,34,8,7,88,27,13,17,10,36,26,32,29,4,3,28,16,30,87,24,6,48,86,46,22,2,41,25,31,5,39,33,40,37,42,1,38,47,85
uid406	17,5,4,15,7,10,6,0,9,1,8,11,3,14,12,2
uid497	94,44,9,0,8,11,7,88,27,10,4,3,28,12,87,24,6,86,22,2,41,31,25,5,33,40,42,1,85,14,26
uid540	0,34,9,47,8,7,27,13,17,93,10,81,32,29,28,3,4,16,30,24,6,48,20,46,22,25,31,5,39,33,37,1,18,14,26
uid543	94,44,9,0,8,11,7,88,27,13,15,80,10,32,29,3,4,28,30,84,87,92,24,6,86,46,22,2,25,41,31,5,33,40,42,1,38,85,14,26
uid357	24,33,32,37,29,40,42,26,41,30,46,28,25,31,27
uid362	94,0,9,44,8,11,7,27,17,10,32,29,4,3,28,16,30,24,6,48,20,46,43,22,2,25,31,41,5,39,33,40,37,42,1,18,45,47,26
uid276	11,27,32,29,4,3,30,84,24,6,46,41,25,31,5,33,40,37,42,1,26
uid145	94,0,9,44,8,11,7,88,21,27,13,17,15,80,10,81,32,29,91,28,3,4,16,30,12,84,87,92,24,6,86,20,46,90,22,2,25,31,41,5,39,33,40,37,42,1,18,89,38,85,14,26
uid375	84,24,36,26,40,29,44,42,37,41,30,38,28,45,25,31,27
uid261	82,44,88,27,13,36,32,81,29,28,30,84,87,24,86,85,46,41,25,31,33,40,37,42,38,45,26
uid150	35,94,0,9,44,8,11,7,88,27,13,17,15,80,10,36,32,81,29,91,28,3,4,16,30,12,87,92,24,6,48,86,85,20,46,43,90,2,22,41,25,31,5,39,33,40,37,109,42,1,18,89,38,45,14,26
uid209	5,4,7,17,39,6,1,8,3
uid396	59,77,52,44,9,0,47,8,67,34,76,11,69,7,54,55,58,75,27,17,15,72,80,10,62,36,32,29,79,53,4,28,3,30,68,92,24,108,6,48,65,66,46,78,43,2,22,41,25,31,50,63,5,39,33,57,40,37,42,1,71,56,89,61,38,70,60,14,26,73
uid462	4,6,1,9,3
uid77	24,27,36,32,37,29,44,38,28,45,25,31,26
uid249	0,9,8,7,27,17,15,80,10,81,29,91,4,3,16,92,24,6,90,22,31,5,33,1,89,14
uid207	5,4,7,17,39,10,6,1,9,8,3,14
uid262	82,87,24,33,40,26,86,42,44,81,25,88,85,41,31,27,13
uid460	82,0,9,8,11,7,88,27,13,17,80,10,32,81,29,4,28,3,16,30,12,87,24,6,86,2,25,41,31,5,33,40,42,1,38,85,14,26
uid420	82,4,92,10,6,93,81,0,1,9,8,3,7,12,13
uid11	82,77,52,44,9,0,47,8,34,76,11,88,7,54,58,55,75,27,13,60,17,15,45,72,80,10,93,51,81,32,29,62,79,49,53,3,28,4,12,30,87,68,24,6,86,20,65,66,46,78,43,2,41,25,31,50,63,5,39,33,57,40,37,42,1,71,56,18,61,70,38,85,14,26,73
uid526	44,83,88,27,36,32,29,28,30,87,24,86,41,25,31,33,40,37,42,38,85,26
uid49	35,44,0,9,8,11,7,88,27,13,17,15,80,10,36,32,81,29,91,28,3,4,30,92,24,6,86,85,46,90,2,41,25,31,5,33,40,37,42,1,89,38,45,14,26
uid372	24,88,40,29,44,42,41,46,28,45,25,31,26
uid494	0,9,8,7,27,17,15,80,10,81,32,29,91,4,3,30,92,24,6,46,22,90,25,31,41,5,33,40,37,42,1,89,14,26
uid159	82,35,0,9,44,34,8,11,7,88,27,17,15,80,10,36,32,81,29,91,28,3,4,16,30,12,84,87,92,24,6,48,86,85,20,46,43,90,22,2,41,25,31,5,39,33,40,37,42,1,18,89,38,45,14,26
uid85	82,104,59,76,11,88,21,27,13,72,81,79,49,16,12,68,24,6,66,106,22,97,33,56,47,85,26,54,99,103,102,80,91,84,86,78,43,2,31,50,105,60,14,73,94,67,44,9,34,8,69,7,55,58,75,10,93,36,62,3,4,92,108,107,90,41,63,5,57,37,42,1,18,70,35,77,52,0,98,83,17,15,32,29,28,101,30,87,48,100,20,65,46,25,39,40,71,89,61,38,45,53
uid477	94,44,9,0,8,11,7,88,27,13,17,10,32,29,4,3,28,16,30,12,87,24,6,86,20,22,2,25,41,31,5,39,33,40,37,42,1,18,85,14,26
uid50	82,59,76,11,88,27,13,72,81,79,49,12,68,24,6,66,22,33,56,85,26,54,80,91,84,86,78,43,2,31,50,60,14,73,94,44,9,34,8,69,7,55,58,75,10,93,36,62,3,4,92,108,90,41,63,5,57,37,42,1,18,70,77,52,0,17,15,51,32,29,28,30,87,48,20,65,46,25,39,40,71,89,61,38,45,53
uid447	7,15,92,4,5,80,6,22,0,1,9,8,3,89,11,2,14
uid530	82,44,88,27,13,81,3,28,87,24,6,86,25,41,31,33,40,42,1,85,26
uid451	82,59,94,77,52,0,9,67,44,8,34,76,11,69,7,54,55,58,75,27,17,15,72,80,10,62,32,81,29,79,53,3,28,4,64,30,68,24,108,6,48,20,65,66,46,14,78,43,22,25,31,50,63,41,5,39,33,57,40,37,42,1,71,56,18,61,70,38,60,47,26,73
uid175	35,44,0,9,47,8,11,7,88,27,17,15,80,10,36,32,81,29,91,28,3,4,16,30,12,84,87,92,24,6,48,86,85,20,46,43,90,2,22,41,25,31,5,39,33,40,37,42,1,18,89,38,45,14,26
uid502	44,27,36,32,29,28,3,4,30,24,6,46,25,41,31,5,33,40,37,42,1,38,26
uid506	0,9,8,11,7,27,17,32,29,28,3,4,30,24,6,48,20,46,43,2,25,31,41,5,39,33,40,37,42,1,18,45,47,26
uid72	35,0,9,44,8,11,7,21,88,27,13,17,15,80,10,93,36,32,81,29,91,28,3,4,16,30,12,87,92,24,6,86,85,20,46,43,90,2,22,41,25,31,5,39,33,40,37,42,1,18,89,38,45,14,26
uid156	94,44,0,9,8,83,11,7,27,13,15,80,10,36,32,81,29,91,28,3,4,30,84,87,92,24,6,86,85,46,90,2,22,41,25,31,5,33,40,37,42,1,89,38,45,14,26
uid331	94,0,9,8,7,27,15,80,10,36,81,32,29,91,4,3,28,16,92,24,6,90,22,25,31,5,37,1,89,14,26
uid91	35,24,27,36,29,25,31,26
uid329	94,9,8,7,27,13,10,93,29,4,3,30,92,24,6,25,31,33,40,37,42,1
uid115	35,44,0,9,27,15,80,10,36,32,81,29,91,28,3,16,30,84,92,24,6,46,90,41,25,31,33,40,37,42,1,89,38,45,14,26
uid231	5,10,1,9,8,7,13
uid511	0,9,8,7,27,17,15,80,10,81,29,91,3,28,4,30,84,92,24,6,2,90,22,25,31,41,5,33,40,37,42,1,89,14,26
uid315	82,0,9,8,7,27,17,80,10,81,32,29,4,28,3,16,30,24,6,20,46,43,2,25,31,41,5,39,33,40,37,42,1,18,14,26
uid379	87,24,33,27,40,86,26,42,81,41,88,25,31,85,13
uid293	59,52,0,9,34,47,8,67,11,7,54,55,58,27,17,15,80,10,62,51,32,29,53,4,3,28,16,12,30,68,24,6,48,20,65,66,46,2,25,31,63,50,5,39,33,57,37,1,56,18,61,38,60,14,26
uid239	0,9,44,8,11,7,88,27,13,15,10,32,29,4,3,28,30,12,87,24,6,86,46,2,25,41,31,5,33,40,37,42,1,38,85,14,26
uid347	82,44,88,27,13,36,32,26,29,81,28,30,12,84,87,24,86,25,41,31,40,37,42,38,45,85
uid107	59,94,52,0,9,44,34,8,11,69,7,88,54,58,27,13,60,17,15,72,80,10,93,36,32,81,29,62,91,53,28,3,4,16,30,12,84,87,92,24,68,6,86,85,20,65,66,46,43,90,2,22,41,25,31,50,63,5,39,33,57,40,37,42,1,71,56,18,89,61,38,70,45,14,26,73
uid152	35,44,0,9,8,11,7,27,17,15,80,10,36,32,81,29,91,28,3,4,30,92,24,6,90,2,22,41,25,31,5,33,40,37,42,1,89,38,45,14,26
uid106	82,104,76,11,88,27,13,72,81,79,49,16,12,68,24,6,66,106,22,97,33,56,47,85,26,54,99,103,102,80,91,84,86,78,43,2,31,50,105,60,14,73,94,67,44,9,34,8,69,7,55,58,75,10,62,36,3,4,92,108,107,90,41,63,5,57,37,42,1,18,70,35,77,52,0,98,83,17,15,32,29,28,101,30,87,48,100,20,65,46,25,39,40,71,89,61,38,45,53
uid17	82,94,52,44,9,0,47,8,11,7,88,55,58,27,60,17,80,10,62,36,32,51,29,49,53,4,3,28,12,30,87,68,24,6,86,20,65,66,46,43,22,2,25,31,41,50,63,5,39,33,57,40,109,37,42,1,56,18,61,38,45,14,26
uid29	82,77,52,44,34,76,69,54,55,58,75,27,13,72,80,51,62,32,81,29,79,49,53,4,3,28,30,68,24,108,6,48,65,66,46,78,43,22,2,25,31,50,63,41,5,57,33,39,40,37,42,1,71,56,61,70,38,60,47,26,73
uid230	0,9,8,7,21,27,13,17,93,10,36,81,32,29,3,4,28,16,12,30,84,24,6,20,25,31,41,5,39,40,37,42,1,18,38,45,14,26
uid164	82,59,76,11,88,21,27,13,72,81,79,16,12,68,24,6,66,22,33,56,85,26,54,80,91,84,86,78,43,2,31,50,60,14,73,94,44,9,34,8,69,7,55,58,75,10,62,36,93,3,4,92,108,90,41,63,5,57,37,42,1,18,70,35,77,52,0,17,15,51,32,29,28,30,87,20,65,46,25,39,40,71,89,61,38,45,53
uid221	5,4,7,17,39,6,1,8,3
uid172	94,44,0,9,34,8,11,7,88,21,27,17,15,80,10,93,36,32,81,29,91,28,3,4,16,30,12,84,87,92,24,6,86,85,20,46,90,2,22,41,25,31,5,39,33,40,37,109,42,1,18,89,38,45,14,26
uid4	82,0,44,9,8,11,7,88,27,13,15,80,10,93,32,81,29,3,4,28,16,30,12,87,24,6,86,20,46,22,2,41,25,31,5,39,33,40,37,42,1,18,85,14,26
uid466	44,27,32,29,28,3,30,24,6,41,25,31,33,40,37,42,1,38,45,26
uid65	24,27,36,32,37,29,44,40,30,38,28,45,25,31,26
uid142	82,59,76,11,88,21,27,13,72,81,79,49,16,12,68,24,6,66,22,33,56,47,85,26,54,80,91,84,86,78,43,2,31,50,60,14,73,67,44,9,34,8,69,7,55,58,75,10,93,36,62,3,4,92,108,90,41,63,5,57,37,42,1,18,70,77,52,0,17,15,51,32,29,28,30,87,20,65,46,25,39,40,71,89,61,38,45,53
uid111	35,94,44,0,9,8,11,7,27,15,80,10,36,32,81,29,91,28,3,4,30,84,92,24,6,46,90,2,22,41,25,31,5,33,40,37,42,1,89,38,45,14,26
uid3	82,35,94,44,0,9,8,11,7,88,27,13,17,15,80,10,93,36,32,81,29,91,28,3,4,16,30,12,84,87,92,24,6,86,85,20,46,90,2,41,25,31,5,39,33,40,37,96,42,1,18,89,38,45,14,26
uid21	59,11,88,27,13,72,81,16,12,68,24,6,22,33,56,85,26,54,80,91,86,43,2,31,50,60,14,73,67,44,9,34,8,69,7,55,58,75,10,36,3,4,64,92,108,90,41,63,5,57,37,42,1,18,70,35,52,0,17,15,32,29,28,30,87,48,20,65,46,25,39,40,71,89,61,38,45,53
uid131	82,0,9,44,47,8,11,7,88,27,13,17,15,80,10,36,32,81,29,49,91,28,3,4,16,30,12,84,87,92,24,6,48,86,85,20,46,43,90,22,2,41,25,31,5,39,33,40,37,42,1,18,89,38,45,14,26
uid448	44,9,0,8,7,88,27,10,32,29,4,3,28,16,30,12,84,87,24,6,86,85,46,25,41,31,5,33,40,37,42,1,38,45,14,26
uid132	44,9,0,8,11,7,27,15,80,10,36,32,81,29,91,28,3,4,16,30,84,92,24,6,46,90,2,41,25,31,5,33,40,37,42,1,89,38,45,14,26
uid71	24,27,36,29,25,31,26
uid469	94,0,9,34,8,7,88,21,27,13,17,80,10,81,32,29,3,4,28,16,12,30,87,24,6,86,22,41,25,31,5,33,40,1,85,14,26
uid216	5,4,7,17,39,6,22,1,8,3,25
uid316	82,0,44,8,11,7,27,13,17,80,93,10,81,32,29,3,4,28,12,30,24,6,20,46,43,25,31,41,5,39,33,40,37,42,1,18,45,26
uid401	82,0,9,8,7,27,13,10,81,29,4,28,3,16,30,87,24,6,46,22,2,25,41,31,5,33,40,42,1,38,85,14,26
uid169	59,11,88,21,27,13,72,81,49,16,12,68,24,6,66,22,33,56,85,26,54,80,91,23,84,86,43,2,31,50,60,14,73,94,67,44,9,34,8,69,7,55,58,75,10,62,36,3,4,92,90,41,63,5,57,37,42,1,18,70,35,52,0,17,15,51,32,29,28,30,87,48,20,65,46,25,39,40,71,89,61,38,45,53
uid228	0,9,8,11,7,27,15,80,10,36,81,32,29,91,23,28,3,4,30,84,92,24,6,46,90,2,41,25,31,5,33,40,37,42,1,89,38,45,14,26
uid303	44,9,8,11,7,88,27,10,32,29,3,28,4,30,87,24,6,86,85,46,2,25,41,31,5,33,40,109,42,1,38,45,14,26
uid559	82,0,9,44,11,7,88,27,13,15,80,10,36,32,81,29,91,28,3,4,30,84,87,92,24,6,86,85,46,90,2,25,41,31,33,40,37,42,1,89,38,45,14,26
uid227	59,52,44,0,9,67,8,11,7,54,55,58,27,60,15,80,10,62,81,32,29,91,53,28,3,4,30,68,92,24,108,6,48,65,66,46,43,90,2,25,41,31,50,63,5,57,33,39,40,37,42,1,56,89,61,38,70,45,14,26
uid391	0,9,27,15,80,10,36,32,81,29,91,3,28,4,30,84,92,24,6,90,25,31,5,33,37,1,89,38,14,26
uid62	24,27,36,32,37,29,28,25,31,26
uid233	82,35,94,44,9,8,7,27,17,15,80,10,36,32,29,4,3,28,24,6,20,22,2,25,31,5,39,37,1,18,38,45,14,26
uid324	17,4,24,33,6,36,29,8,3,25,31,27
uid194	82,104,59,76,11,88,27,13,72,81,79,49,16,12,68,24,6,66,106,22,97,33,56,47,85,26,54,99,103,102,80,91,84,86,78,43,2,31,50,105,60,14,73,94,67,44,9,34,8,69,7,55,58,75,10,93,36,62,3,4,92,107,90,41,63,5,57,37,42,1,18,70,77,52,0,98,83,17,15,51,32,29,28,101,30,87,48,100,20,65,46,25,39,40,109,71,89,61,38,45,53
uid98	82,94,0,9,44,8,11,7,88,21,27,13,17,15,80,10,36,32,81,29,91,28,3,4,16,30,12,87,92,24,6,86,85,20,46,43,90,2,41,25,31,5,39,33,40,37,109,42,1,18,89,38,45,14,26
uid321	27,32,29,4,3,28,30,84,24,6,46,25,41,31,5,33,40,42,1,26
uid247	59,52,44,67,34,8,69,7,54,55,58,75,27,60,17,72,32,29,53,4,3,28,64,30,68,24,108,6,65,66,46,14,43,22,41,25,31,50,63,5,39,33,57,40,37,42,1,71,56,61,70,38,45,47,26,73
uid519	35,24,27,36,32,37,29,28,25,31,26
uid509	0,9,8,7,21,27,13,17,10,32,29,23,4,3,28,16,12,30,24,6,25,31,5,39,33,1,14,26
uid314	94,77,52,34,76,8,11,69,7,55,58,54,75,27,17,72,80,36,32,29,79,53,4,3,28,64,30,68,24,108,6,65,66,46,78,43,22,2,41,25,31,50,63,5,39,33,57,40,37,42,1,71,56,61,70,38,14,26,73
uid220	7,4,5,17,39,10,6,22,1,9,8,3
uid127	94,44,0,9,34,8,11,7,21,88,27,13,17,15,80,10,93,36,32,81,29,91,28,3,4,16,30,12,84,87,92,24,6,86,85,20,46,43,90,2,22,41,25,31,5,39,33,40,37,42,1,18,89,38,45,14,26
uid330	5,4,92,17,10,94,6,81,0,1,9,8,3,7,14,13
uid126	82,76,11,88,21,27,13,72,81,79,16,12,68,24,6,66,22,33,56,85,26,54,80,91,23,84,86,78,43,2,31,50,60,14,73,67,44,9,34,8,69,7,55,58,75,10,93,36,62,3,4,92,90,41,63,5,57,37,42,1,18,70,77,52,0,17,15,51,32,29,28,30,87,48,20,65,46,25,39,40,71,89,61,38,45,53
uid306	94,9,8,7,27,13,17,93,10,81,32,29,4,3,30,84,24,6,46,25,31,41,5,33,40,37,42,1,38,26
uid359	0,9,8,11,7,27,17,10,32,29,4,3,28,16,12,30,24,6,2,25,31,5,33,1,18,26
uid42	59,76,11,88,27,72,81,79,49,16,12,68,24,6,66,22,33,56,47,85,26,54,80,91,86,78,43,2,31,50,60,14,73,94,44,9,34,8,69,7,55,58,75,10,62,36,3,4,92,108,90,41,63,5,57,37,42,1,18,70,35,77,52,0,83,17,15,32,29,28,30,87,48,20,65,46,25,39,40,71,89,61,38,45,53
uid160	35,24,27,36,32,37,29,40,42,41,38,28,45,25,31,26
uid358	44,9,8,7,27,13,17,10,36,32,29,4,3,28,30,24,6,46,41,25,31,5,33,40,37,42,1,45,14,26
uid393	59,67,44,9,8,11,7,54,55,58,27,60,17,10,62,36,32,29,49,53,4,28,3,30,68,24,6,48,65,66,46,43,22,2,25,41,31,50,63,5,39,33,57,40,37,42,1,56,61,38,45,47,26
uid296	94,44,0,9,8,11,7,88,27,13,17,15,10,32,29,4,3,28,12,30,87,24,6,86,46,22,2,41,31,25,5,39,33,40,42,1,85,14,26
uid219	9,8,7,13,17,10,32,29,4,28,3,30,24,6,46,22,25,31,5,39,33,1,26
uid192	52,44,0,9,8,11,7,88,27,13,17,15,80,10,36,32,81,29,91,28,3,4,16,30,12,84,87,92,24,6,86,85,20,46,43,90,2,22,41,25,31,50,5,39,33,40,37,42,1,18,89,38,45,14,26
uid55	35,44,0,9,8,11,7,88,27,15,80,10,36,32,81,29,91,28,3,4,16,30,12,84,87,92,24,6,86,85,46,90,2,22,41,25,31,5,33,40,37,42,1,89,38,45,14,26
uid147	94,44,0,9,8,7,27,15,80,10,36,32,81,29,91,28,3,4,16,30,84,92,24,6,90,22,41,25,31,5,33,40,37,42,1,89,38,45,14,26
uid412	24,27,36,32,37,29,42,40,41,30,38,28,45,25,31,26
uid353	82,94,44,9,0,34,8,11,7,88,21,27,13,17,15,80,10,93,32,81,29,4,28,3,16,30,12,84,87,24,6,86,85,20,46,22,2,41,25,31,5,33,40,37,109,42,1,96,38,45,14,26
uid414	94,0,44,8,11,7,27,17,80,10,36,32,29,4,3,28,30,84,24,6,20,46,22,25,31,41,5,39,33,40,37,42,1,18,38,45,26
uid555	82,44,11,7,88,27,13,93,81,32,29,3,28,30,87,24,6,86,2,25,41,31,33,40,37,42,1,85,14,26
uid203	24,36,29,25,31,26
uid547	44,9,0,8,11,7,88,27,10,32,29,4,28,3,30,12,87,24,6,86,46,22,2,25,41,31,5,33,40,42,1,85,14,26
uid191	35,94,44,0,9,8,11,7,88,27,13,15,80,10,93,36,32,81,29,91,28,3,4,30,84,87,92,24,6,86,85,46,90,2,22,41,25,31,5,33,40,37,109,42,1,89,38,45,14,26
uid279	84,24,33,26,32,29,37,30,25,31,27
uid570	104,102,105,100,101,107,98,106,99,103,97
uid458	44,9,0,8,11,7,27,13,17,10,93,32,81,29,3,28,4,16,30,12,87,24,6,86,85,46,2,41,25,31,5,33,40,42,1,45,14,26
uid2	59,77,52,0,67,34,76,8,44,11,7,55,58,54,75,88,27,13,17,72,80,51,62,36,32,81,29,79,53,4,28,3,30,68,87,24,6,86,85,65,78,46,43,2,41,25,31,50,63,5,39,33,57,40,37,42,1,71,56,61,70,38,60,26,73
uid153	82,35,94,44,0,9,8,11,7,88,21,27,13,17,15,80,10,93,36,32,81,29,49,91,28,3,4,16,30,12,87,92,24,6,48,86,85,20,46,43,90,2,22,41,25,31,5,39,33,40,37,109,42,1,18,89,38,45,14,26
uid405	82,0,9,8,7,21,17,10,81,4,3,12,6,20,5,39,1,18,14
uid367	0,9,44,8,11,7,27,13,15,80,10,36,81,32,29,91,4,3,28,30,84,92,24,6,90,2,25,31,41,5,40,37,42,1,89,38,45,14,26
uid407	94,0,9,8,7,21,17,10,4,3,16,12,6,20,22,5,39,1,18,14
uid185	59,76,11,88,27,72,81,79,16,12,68,24,6,66,22,33,56,85,26,54,80,91,84,86,78,43,2,31,50,60,14,73,94,67,44,9,34,8,69,7,55,58,75,10,93,36,62,3,4,92,108,90,41,63,5,37,42,1,18,70,77,52,0,17,15,32,29,28,30,87,20,65,46,25,39,40,71,89,61,38,45,53
uid566	24,33,27,32,37,29,83,28,25,31,26
uid186	82,94,44,0,9,34,8,83,11,7,21,27,13,17,15,80,10,93,36,32,81,29,91,28,3,4,16,30,12,84,87,92,24,6,86,85,20,46,43,90,2,41,25,31,5,39,33,40,37,42,1,18,89,38,45,14,26
uid309	0,9,13,15,80,10,32,29,28,3,4,30,84,92,24,6,46,22,25,31,41,5,33,40,37,42,1,89,14,26
uid453	82,94,44,9,0,34,8,11,7,88,27,17,80,10,32,81,29,3,28,4,16,30,12,87,24,6,86,20,46,22,2,25,41,31,5,33,40,37,42,1,18,85,14,26
uid179	82,59,76,11,88,27,13,72,81,79,49,16,12,68,24,6,66,22,33,56,85,26,54,80,91,84,86,78,43,2,31,50,60,14,73,94,44,9,34,8,69,7,55,58,75,10,93,36,62,3,4,92,108,90,41,63,5,57,37,42,1,18,70,35,77,52,0,83,17,15,51,32,29,28,30,87,20,65,46,25,39,40,71,89,61,38,45,53
uid360	94,0,9,8,7,27,13,15,80,10,36,32,81,29,91,28,3,4,30,84,92,24,6,90,22,25,31,5,33,37,1,89,14
uid395	0,9,44,8,7,27,17,32,29,28,3,4,30,24,6,20,46,43,2,25,31,41,5,39,33,40,37,42,1,18,26
uid313	7,4,5,17,6,1,9,8,3
uid520	24,27,40,29,42,41,30,38,25,31,26
uid361	9,8,7,88,27,80,10,32,29,4,28,3,30,87,24,6,86,46,41,25,31,5,33,40,42,1,38,85,14,26
uid478	44,9,8,7,27,13,93,10,32,29,28,3,4,30,24,6,46,41,25,31,5,33,40,37,42,1,38,45,14,26
uid248	94,44,9,8,7,88,27,10,32,29,4,28,3,30,84,87,24,6,86,22,41,25,31,5,33,40,42,1,85,14,26
uid8	82,104,76,11,88,27,13,72,81,79,68,24,6,66,106,97,33,56,85,26,54,99,103,102,80,86,78,43,2,31,50,105,60,14,73,67,44,34,9,69,58,75,62,36,4,3,107,63,41,5,57,37,42,1,70,77,52,0,98,83,15,51,32,29,28,101,30,87,100,65,46,25,39,40,71,61,38,45,53
uid114	44,0,9,11,7,27,15,80,10,36,32,81,29,91,28,3,4,16,30,84,92,24,6,46,90,2,41,25,31,5,33,40,37,42,1,89,38,45,14,26
uid116	35,44,0,9,8,11,7,27,13,17,15,80,10,93,36,32,81,29,91,28,3,4,30,84,92,24,6,46,90,2,22,41,25,31,5,33,40,37,42,1,89,38,45,14,26
uid377	81,13
uid427	94,44,9,0,8,11,7,88,27,13,17,10,32,29,28,3,4,16,30,12,87,24,6,86,46,22,2,25,41,31,5,39,33,40,42,1,38,85,14,26
uid35	0,9,8,7,88,27,15,80,10,36,81,32,29,91,3,4,28,16,30,12,84,87,92,24,6,86,85,90,22,25,31,41,5,39,33,40,37,42,1,89,38,45,14,26
uid109	82,59,76,11,88,27,13,72,81,79,49,16,12,68,24,6,22,33,56,47,85,26,80,91,84,86,78,43,2,31,50,60,14,73,94,44,9,34,8,69,7,55,58,75,10,93,36,3,4,92,108,90,41,5,57,37,42,1,18,70,35,77,52,0,17,15,32,29,28,30,87,48,20,65,46,25,39,40,71,89,61,38,45,53
uid112	82,104,59,76,11,88,27,13,72,81,79,49,16,12,68,24,6,66,106,22,97,33,56,85,26,54,99,103,102,80,91,84,86,78,43,2,31,50,105,60,14,73,67,34,9,44,8,69,7,55,58,75,10,93,36,3,4,92,108,107,90,41,5,57,37,42,1,18,70,35,77,52,0,98,17,15,32,29,28,101,30,87,100,20,65,46,25,39,40,71,89,61,38,45,53
uid565	82,84,24,33,40,86,81,42,1,29,25,38,3,41,31,13
uid190	5,35,24,27,6,36,40,29,42,1,9,41,3,25,31,26
uid298	9,8,7,27,10,93,36,81,32,29,4,3,30,92,24,46,25,31,41,33,40,37,42,1,26
uid392	4,33,27,6,29,8,38,3,25,31,30
uid567	44,0,9,88,27,13,80,26,81,29,28,87,24,86,46,41,25,31,33,40,42,89,38,45,85
uid87	44,0,9,8,11,7,27,13,17,15,80,10,93,36,32,81,29,91,28,3,4,30,84,92,24,6,46,90,41,25,31,5,33,40,37,42,1,89,38,45,14,26
uid101	82,59,11,88,21,27,13,72,81,49,16,12,68,24,6,22,33,56,85,26,54,80,91,84,86,43,2,31,50,60,14,73,67,44,9,34,8,69,7,55,58,75,10,93,36,62,3,4,92,108,90,41,63,5,57,37,42,1,18,70,35,52,0,17,15,32,29,28,30,87,20,65,46,25,39,40,71,89,61,38,45,53
uid181	44,0,9,8,11,7,27,15,80,10,93,36,32,81,29,91,28,3,4,30,84,92,24,6,46,90,2,22,41,25,31,5,33,40,37,42,1,89,38,45,14,26
uid27	82,59,77,52,44,0,9,67,8,34,76,11,69,7,54,55,58,75,27,13,60,17,72,80,10,62,51,81,32,29,93,79,49,53,4,28,3,64,30,68,24,108,6,48,65,78,46,14,43,22,41,25,31,50,63,5,39,33,57,40,37,42,1,71,56,61,70,38,45,47,26,73
uid244	44,83,27,32,29,3,4,28,30,24,6,46,41,25,31,5,33,40,37,42,1,26
uid59	24,27,36,32,37,29,44,38,28,45,25,31,26
uid463	7,4,92,17,6,1,9,8,3,13
uid84	82,35,94,44,0,9,47,8,11,7,88,27,13,17,15,80,10,93,36,32,81,29,49,91,28,3,4,16,30,12,87,92,24,6,48,86,85,20,46,43,90,2,22,41,25,31,5,39,33,40,37,42,1,18,89,38,45,14,26
uid394	94,0,9,8,11,7,27,13,15,80,10,93,81,29,4,3,28,30,84,92,24,6,22,25,31,5,33,37,1,89,38,14,26
uid20	94,0,9,44,47,8,11,7,21,54,55,58,27,13,17,80,10,36,81,32,29,49,53,4,3,28,16,12,30,24,6,48,20,65,46,43,2,22,25,31,41,50,5,39,33,57,40,37,42,1,56,18,61,38,45,14,26
uid125	44,0,9,8,11,7,27,17,15,80,10,36,32,81,29,91,28,3,4,16,30,84,92,24,6,46,90,2,22,41,25,31,5,33,40,37,42,1,89,38,45,14,26
uid349	82,83,88,27,13,36,81,29,28,30,87,24,86,25,41,31,33,40,37,42,1,38,85,26
uid480	9,8,7,27,17,32,29,4,3,30,24,6,22,25,31,41,5,33,40,37,42,1
uid234	35,0,9,44,8,7,21,27,17,80,10,36,32,81,29,91,4,3,28,16,12,30,84,24,6,20,46,90,25,31,41,5,39,33,40,37,42,1,18,89,38,45,14,26
uid271	0,83,27,36,29,28,3,24,6,41,25,31,33,40,37,42,38,45,26
uid129	82,59,76,11,88,27,13,72,81,49,16,12,68,24,6,66,22,33,56,85,26,54,80,91,84,86,78,43,2,31,50,60,14,73,94,67,44,9,34,8,69,7,55,58,75,10,93,36,62,3,4,92,108,90,41,63,5,57,37,42,1,18,70,35,77,52,0,83,17,15,51,32,29,28,30,87,20,65,46,25,39,40,71,89,61,38,45,53
uid300	9,8,7,13,10,32,29,3,28,4,30,87,24,6,86,25,41,31,5,33,40,42,1,38,85,14,26
uid94	94,0,9,44,8,11,7,88,27,13,17,15,80,10,93,36,81,32,29,91,28,3,4,16,30,12,87,92,24,6,86,85,20,46,2,22,90,41,25,31,5,39,33,40,37,42,1,18,89,38,45,14,26
uid133	82,35,94,44,0,9,34,8,11,7,88,27,13,17,15,80,10,93,36,32,81,29,91,28,3,4,16,30,12,87,92,24,6,86,85,20,46,43,90,2,41,25,31,5,39,33,40,37,96,42,1,18,89,38,45,14,26
uid474	77,76,34,8,11,69,7,75,27,17,72,80,36,32,29,79,4,28,3,30,24,6,48,78,46,22,2,25,31,41,5,39,33,40,37,71,1,42,70,38,45,47,26,73
uid504	82,0,9,8,7,88,27,13,17,10,93,26,81,29,32,4,3,28,16,12,30,87,24,6,86,22,2,25,41,31,5,39,33,40,42,1,14,85
uid445	9,8,7,13,10,32,29,4,28,3,30,84,87,24,6,86,46,25,41,31,33,40,37,42,1,38,85,14,26
uid240	94,44,9,0,8,7,88,27,10,32,29,4,3,28,16,12,87,24,6,86,46,22,25,41,31,5,33,40,37,42,1,85,14,26
uid363	44,0,9,88,27,13,80,10,36,32,81,29,91,28,30,87,24,86,85,90,41,25,31,33,40,37,42,89,38,45,26
uid12	82,59,76,11,88,27,13,72,81,79,49,68,24,6,66,22,33,56,47,85,26,54,80,84,86,78,43,2,31,50,60,14,73,67,34,9,44,69,55,58,75,93,62,36,4,3,108,63,41,5,57,37,42,1,70,35,77,52,0,83,15,32,29,28,30,87,48,65,46,25,39,40,71,61,38,45,53
uid202	35,24,27,36,29,25,31,26
uid264	44,88,27,13,81,26,29,32,28,30,87,84,24,86,46,25,41,31,33,40,37,42,38,85
uid325	94,44,0,9,8,7,88,27,17,10,32,29,3,4,28,16,12,30,87,24,48,6,86,20,2,22,25,41,31,5,39,33,40,37,42,1,18,85,14,26
uid486	59,77,52,67,9,44,34,8,76,11,69,7,54,55,58,75,27,13,72,80,10,62,36,32,29,79,49,53,4,28,3,30,68,24,108,6,48,65,66,46,78,43,22,25,31,50,63,41,5,39,33,57,40,37,42,1,71,56,61,70,38,60,47,26,73
uid92	44,0,9,8,11,7,88,27,15,80,10,36,32,81,29,91,28,3,4,16,30,12,84,87,92,24,6,86,85,46,90,2,22,41,25,31,5,33,40,37,42,1,89,38,45,14,26
uid434	94,0,9,44,8,7,27,13,15,80,10,93,81,32,29,91,4,3,28,30,84,92,24,6,46,90,22,2,25,31,41,5,33,40,37,42,1,89,38,14,26
uid39	35,94,44,0,9,34,8,11,7,88,21,27,13,17,15,80,10,36,32,81,29,91,28,3,4,16,30,12,84,87,92,24,6,86,85,20,46,43,90,2,22,41,25,31,5,39,33,40,37,42,1,18,89,38,45,14,26
uid123	82,35,94,44,0,9,8,11,7,88,27,13,17,15,80,10,93,36,32,81,29,91,28,3,4,16,30,12,84,87,92,24,6,86,85,20,46,43,2,90,22,41,25,31,5,39,33,40,37,42,1,18,89,38,45,14,26
uid14	82,104,76,88,27,13,72,81,79,49,68,24,6,66,106,22,97,33,56,47,85,26,54,99,103,102,80,84,86,78,43,31,50,105,60,73,67,44,34,9,69,55,58,75,62,36,3,4,108,107,63,41,5,57,37,42,1,70,77,52,0,98,83,32,29,28,101,30,87,48,100,65,46,25,39,40,71,61,38,53
uid311	5,4,92,90,15,80,10,6,81,0,9,1,8,89,91,3,14
uid167	24,27,36,32,37,29,40,42,41,30,38,28,45,25,31,26
uid551	0,9,47,8,7,21,27,17,80,10,36,32,29,4,3,28,16,30,24,6,48,20,46,2,25,31,5,39,33,37,1,18,45,14,26
uid295	59,52,0,44,67,34,8,11,69,7,54,55,58,75,27,60,17,72,51,62,32,29,53,28,3,4,30,68,24,108,6,48,65,66,46,43,22,41,25,31,50,63,5,39,33,57,40,37,42,1,71,56,61,70,38,45,47,26,73
uid320	44,9,8,7,88,27,13,10,32,29,4,28,3,30,87,24,6,86,46,2,25,41,31,5,33,40,42,1,38,85,14,26
uid229	82,0,9,8,7,21,27,13,17,10,93,36,81,32,29,4,3,28,16,12,24,6,20,22,25,31,5,39,37,1,18,14,26
uid356	94,44,9,0,8,7,27,13,15,80,10,93,36,81,29,91,4,3,92,24,6,46,90,22,25,31,41,5,33,40,37,42,1,89,14,26
uid533	44,0,8,88,7,27,13,10,81,4,3,12,87,24,6,86,2,25,41,31,5,33,40,42,1,85,14,26
uid196	82,59,94,52,44,0,9,47,8,11,7,88,21,54,58,27,60,17,15,80,10,93,36,32,81,29,51,62,49,91,53,28,3,4,16,30,12,84,87,92,24,68,6,48,86,85,20,65,66,46,43,90,2,22,41,25,31,50,63,5,39,33,57,40,37,42,1,56,18,89,61,38,45,14,26
uid140	82,59,76,11,88,21,27,13,72,81,79,49,16,12,68,24,6,66,22,33,56,47,85,26,54,80,91,84,86,78,43,2,31,50,60,14,73,94,67,44,9,34,8,69,7,55,58,75,10,62,36,93,3,4,64,92,108,90,41,63,5,57,37,42,1,18,70,77,52,0,83,17,15,32,29,28,30,87,48,20,65,46,25,39,40,71,89,61,38,45,53
uid436	11,21,27,32,29,28,3,30,84,24,6,46,2,41,25,31,5,33,40,37,42,1,26
uid44	82,94,44,0,9,34,8,11,7,21,88,27,13,17,15,80,10,93,36,32,81,29,91,28,3,4,16,30,12,84,87,92,24,6,86,20,46,90,2,22,41,25,31,5,39,33,40,37,109,42,1,18,89,38,85,14,26
uid187	35,94,44,0,9,34,8,11,7,88,27,13,17,15,80,10,36,32,81,29,49,91,28,3,4,16,30,12,84,87,92,24,6,48,86,85,20,46,43,2,90,22,41,25,31,5,39,33,40,37,42,1,18,89,38,45,14,26
uid252	94,0,9,8,11,7,88,27,17,10,26,32,29,4,3,28,16,12,30,87,24,6,86,20,2,22,41,31,25,5,39,33,40,37,42,1,18,14,85
uid157	35,44,0,9,8,7,88,21,27,13,17,15,80,10,93,36,32,81,29,91,28,3,4,16,30,12,87,92,24,6,86,85,46,90,41,25,31,5,33,40,37,42,1,18,89,38,45,14,26
uid278	87,24,33,27,40,86,26,42,81,41,88,25,31,85,13
uid36	82,76,11,88,27,72,81,79,16,12,68,24,6,66,22,33,85,26,54,80,91,84,86,78,43,2,31,50,60,14,73,67,44,9,34,8,69,7,58,75,10,62,36,3,4,92,90,41,63,5,57,37,42,1,18,70,35,77,52,0,17,15,51,32,29,28,30,87,48,20,65,46,25,39,40,71,89,61,38,45,53
uid24	35,0,9,44,8,11,7,88,27,13,17,15,80,10,36,32,81,29,91,28,3,4,16,30,12,84,87,92,24,6,86,85,20,46,43,90,2,22,41,25,31,5,39,33,40,37,42,1,18,89,38,45,14,26
uid180	82,94,44,0,9,8,11,7,21,88,27,13,17,15,80,10,93,36,32,81,29,49,91,28,3,4,16,30,12,84,87,92,24,6,48,86,85,20,46,43,90,2,22,41,25,31,5,39,33,40,37,42,1,18,89,38,45,14,26
uid339	87,24,33,27,40,86,26,42,44,25,88,41,31,85
uid130	59,76,11,88,27,13,72,81,79,49,16,12,68,24,6,66,22,33,56,47,85,26,54,80,91,84,86,78,43,2,31,50,60,14,73,94,67,44,9,34,8,69,7,55,58,75,10,62,36,3,4,92,108,90,41,63,5,57,37,42,1,18,70,35,77,52,0,17,15,51,32,29,28,30,87,48,20,65,46,25,39,40,71,89,61,38,45,53
uid86	59,76,11,88,21,27,13,72,81,79,49,16,12,68,24,6,66,22,33,56,47,85,26,54,80,91,84,86,78,43,2,31,50,60,14,73,94,44,9,34,8,69,7,55,58,75,10,62,36,3,4,92,108,90,41,63,5,57,37,42,1,18,70,35,77,52,0,17,15,32,29,28,30,87,48,20,65,46,25,39,40,71,89,61,38,45,53
uid370	24,80,40,29,44,42,0,9,46,89,25,28,45,41,26
uid553	24,27,40,29,42,41,30,38,25,31,26
uid569	87,24,33,27,40,86,81,42,25,88,85,41,31,26,13
uid251	94,0,9,8,7,88,27,17,10,32,81,29,4,3,28,16,12,30,87,24,6,86,46,22,41,25,31,5,33,40,37,42,1,85,14,26
uid457	44,9,0,8,11,7,88,21,27,13,17,15,80,10,29,4,28,3,16,12,30,87,92,24,6,86,22,2,41,25,31,5,33,40,42,1,18,85,14,26
uid452	94,44,9,0,34,8,11,7,88,27,17,15,10,32,29,4,28,3,16,30,12,87,24,6,86,20,46,2,22,25,41,31,5,39,33,40,37,109,42,1,18,38,85,14,26
uid166	82,35,94,44,0,9,34,8,11,7,21,88,27,13,17,15,80,10,93,36,32,81,29,91,28,3,4,16,30,12,84,87,92,24,6,86,85,20,46,43,90,2,22,41,25,31,5,39,33,40,37,42,1,18,89,38,45,14,26
uid30	82,104,59,76,11,88,27,13,72,81,79,49,68,24,6,66,106,22,97,33,56,26,85,54,99,103,102,80,84,86,78,43,31,50,105,60,14,73,34,44,9,69,58,75,62,36,3,4,107,63,41,5,57,37,42,1,70,77,52,0,98,83,15,51,32,29,28,101,30,87,48,100,65,46,25,39,40,71,61,38,45,53
uid148	82,35,94,44,0,9,8,11,7,27,13,17,15,80,10,93,36,32,81,29,91,28,3,4,16,30,92,24,6,2,22,90,41,25,31,5,33,40,37,42,1,89,38,45,14,26
uid6	82,94,0,9,44,8,11,7,88,27,17,15,80,10,81,32,29,91,4,3,28,16,30,12,87,92,24,6,86,22,90,2,25,31,41,5,33,40,37,42,1,89,38,85,14,26
uid188	44,0,9,11,7,27,15,80,10,36,32,81,29,91,28,3,4,16,30,84,92,24,6,2,41,25,31,5,33,40,37,42,1,89,38,14,26
uid9	94,0,9,34,44,8,11,7,88,21,27,13,17,15,10,93,26,32,29,4,3,28,16,12,30,87,24,6,86,20,43,2,22,25,41,31,5,39,33,40,37,42,1,18,38,14,85
uid119	82,59,76,11,88,27,13,72,81,79,49,16,12,68,24,6,66,22,33,56,85,26,54,80,91,84,86,78,43,2,31,50,60,14,73,94,67,44,9,34,8,69,7,55,58,75,10,93,36,62,3,4,92,90,41,63,5,57,37,42,1,18,70,77,52,0,17,15,51,32,29,28,30,87,48,20,65,46,25,39,40,71,89,61,38,45,53
uid380	0,88,27,32,29,3,28,30,84,87,24,6,86,46,2,41,25,31,33,40,37,42,1,38,85,26
uid238	82,94,0,9,8,11,7,13,17,80,10,93,81,4,3,16,12,6,20,2,22,41,5,39,40,96,42,1,18
uid255	24,27,29,44,38,28,45,25,31,26
uid19	82,59,77,52,0,9,34,44,8,67,76,11,7,54,55,58,75,27,13,17,72,80,10,93,36,81,32,29,79,49,53,4,3,28,16,12,30,68,24,108,6,20,65,66,46,78,43,22,2,25,31,41,50,5,39,33,57,40,37,42,1,71,56,18,61,70,38,60,14,26,73
uid78	82,35,94,44,0,9,8,11,7,88,27,13,17,15,80,10,93,36,32,81,29,91,28,3,4,16,30,12,84,87,92,24,6,86,85,20,46,43,90,2,22,41,25,31,5,39,33,40,37,42,1,18,89,38,45,14,26
uid373	82,44,0,9,8,88,7,27,13,10,93,81,3,28,4,16,12,87,24,6,86,25,41,31,5,33,40,42,1,85,14,26
uid38	44,0,9,8,11,7,27,15,80,10,36,32,81,29,91,28,3,4,30,84,92,24,6,46,90,2,41,25,31,5,33,40,37,42,1,89,38,45,14,26
uid184	82,59,11,88,27,13,81,49,16,12,68,24,6,22,33,56,47,85,26,54,80,91,84,86,43,2,31,50,60,14,94,67,44,9,8,7,55,58,10,93,36,62,3,4,92,108,90,41,63,5,57,37,42,1,18,35,52,0,17,15,51,32,29,28,30,87,20,65,46,25,39,40,89,61,38,45,53
uid41	94,44,0,9,34,8,47,11,7,88,27,17,15,80,10,36,32,81,29,49,91,28,3,4,16,30,12,84,87,92,24,6,48,86,85,20,46,43,90,2,22,41,25,31,5,39,33,40,37,42,1,18,89,38,45,14,26
uid384	44,0,9,88,27,13,15,80,10,81,29,91,28,87,92,24,86,85,46,90,25,41,31,33,40,42,89,45,14,26
uid454	44,9,0,8,11,7,88,21,27,13,17,15,10,93,32,81,29,4,3,28,16,30,12,87,24,6,86,20,46,2,25,41,31,5,39,33,40,42,1,18,38,85,14,26
uid67	24,27,36,32,29,28,25,31,26
uid40	82,35,94,0,9,44,8,11,7,88,27,13,17,15,80,10,93,36,32,81,29,91,28,3,4,16,30,12,84,87,92,24,6,86,85,46,90,2,22,41,25,31,5,33,40,37,42,1,89,38,45,14,26
uid382	82,24,27,40,86,81,42,41,28,85,25,26,13
uid441	44,9,0,8,7,88,27,10,32,29,4,3,28,16,30,12,87,24,6,86,46,25,41,31,5,33,40,37,42,1,85,14,26
uid95	0,9,11,7,27,15,80,10,36,32,81,29,91,28,3,30,84,92,24,6,46,90,2,41,25,31,33,40,37,42,1,89,38,45,14,26
uid351	94,44,9,0,8,11,7,88,27,13,17,10,32,29,4,28,3,16,30,12,87,24,6,86,46,2,22,25,41,31,5,33,40,42,1,18,38,85,14,26
uid410	82,35,94,44,9,8,7,27,13,17,10,93,36,81,32,29,4,3,28,16,30,84,24,6,46,22,25,31,41,5,39,33,40,96,37,42,1,38,45,26
uid61	35,24,27,36,32,37,29,44,38,28,45,25,31,26
uid141	35,94,44,0,9,34,8,47,11,7,88,27,13,17,15,80,10,93,36,32,81,29,49,91,28,3,4,16,30,12,84,87,92,24,6,48,86,85,20,46,43,90,2,41,25,31,5,39,33,40,37,96,42,1,18,89,38,45,14,26
uid197	82,104,59,76,11,88,21,27,13,72,81,79,49,16,12,68,24,6,66,106,22,97,33,56,85,26,54,99,103,102,80,91,84,86,78,43,2,31,50,105,60,14,73,67,44,9,34,8,69,7,55,58,75,10,93,36,3,4,92,107,90,41,63,5,57,37,42,1,18,70,35,77,52,0,98,17,15,51,32,29,28,101,30,87,100,20,65,46,25,39,40,71,89,61,38,45,53
uid146	35,36,29,25,31,26
uid529	81,13
uid487	9,8,7,88,10,32,29,4,28,3,30,87,24,6,86,46,41,25,31,5,33,40,37,42,1,85,14,26
uid273	82,15,92,4,80,10,6,81,0,9,3,89,91,90,14
uid178	82,59,11,88,21,27,13,72,81,49,16,12,68,24,6,66,22,33,56,85,26,54,80,91,86,43,2,31,50,60,14,73,94,67,44,9,34,8,69,7,55,58,75,10,93,36,62,3,4,92,90,41,63,5,57,37,42,1,18,70,52,0,17,15,51,32,29,28,30,87,48,20,65,46,25,39,40,71,89,61,38,45,53
uid139	44,0,27,80,36,32,29,28,30,84,24,41,25,31,40,37,42,38,45,26
uid312	5,6,1,9,3
uid518	81,13
uid340	88,27,36,32,26,29,30,87,24,86,41,25,31,33,40,37,42,38,85
uid138	24,27,36,32,37,29,28,25,31,26
uid58	82,59,11,88,27,13,72,81,16,12,68,24,6,66,22,33,56,47,26,54,80,91,86,43,2,31,50,60,14,73,94,67,44,9,34,8,69,7,55,58,10,93,36,62,3,4,92,90,41,63,5,57,37,96,42,1,18,70,52,0,17,15,51,32,29,28,30,87,48,20,65,46,25,39,40,71,89,61,38,45,53
uid74	82,35,94,44,0,9,8,83,11,7,88,27,13,17,15,80,10,93,36,32,81,29,91,28,3,4,16,30,12,84,87,92,24,6,86,85,20,46,43,90,2,22,41,25,31,5,39,33,40,37,42,1,18,89,38,45,14,26
uid561	24,27,81,32,29,37,25,31,26,13
uid484	0,27,32,29,28,3,30,24,6,25,41,31,5,33,40,42,1,38,26
uid304	59,52,0,9,47,8,11,7,54,55,58,27,13,17,10,93,81,32,29,49,53,4,3,28,12,30,24,108,6,48,65,46,2,25,31,50,5,39,33,57,37,1,56,61,60,14,26
uid250	0,9,8,11,7,88,21,27,17,10,32,29,4,3,28,16,12,30,87,24,6,86,20,43,22,2,25,41,31,5,39,33,40,37,42,1,18,85,14,26
uid225	94,44,9,0,8,7,88,27,17,15,80,10,36,81,32,29,91,4,3,28,16,30,12,87,92,24,6,86,85,46,90,22,25,31,41,5,39,33,40,37,42,1,89,38,45,14,26
uid522	87,24,33,27,40,86,26,42,44,81,25,88,41,31,85,13
uid7	82,44,9,0,8,11,7,88,27,13,17,10,93,32,81,29,4,3,28,16,30,12,87,24,6,86,20,46,2,22,41,25,31,5,39,33,40,37,42,1,18,38,85,14,26
uid524	35,0,9,27,15,80,10,36,81,32,29,91,28,92,24,90,25,31,37,89,38,45,14,26
uid25	0,9,44,8,11,7,27,17,10,32,29,49,28,3,4,30,24,6,20,46,43,22,25,31,41,5,39,33,40,37,42,1,18,38,45,47,26
uid165	82,35,59,52,44,0,9,47,8,67,11,7,88,54,55,58,27,13,60,15,80,10,51,36,32,81,29,62,49,91,53,28,3,4,64,16,30,84,87,92,24,68,108,6,48,86,85,20,65,66,46,43,90,2,22,41,25,31,50,63,5,39,33,57,40,37,42,1,56,18,89,61,38,45,14,26
uid411	82,0,9,8,7,13,17,93,10,81,23,4,3,12,6,20,5,1,14
uid263	82,44,88,27,13,36,32,81,29,28,30,87,24,41,25,31,33,40,37,42,38,26
uid335	24,33,29,31,27
uid223	5,4,7,17,39,10,6,94,109,22,1,9,8,3,14,2
uid490	59,52,67,9,44,8,11,7,54,55,58,27,17,15,10,32,29,53,4,28,3,30,68,24,6,65,66,46,43,22,2,25,31,50,41,5,39,33,57,40,37,42,1,56,61,89,38,60,14,26
uid512	44,9,8,7,27,15,10,32,29,3,28,4,30,84,24,6,46,2,41,25,31,5,33,40,37,42,1,38,45,14,26
uid433	94,0,9,44,8,7,27,13,80,10,93,81,32,29,4,3,28,12,30,84,92,24,6,46,22,2,25,31,41,5,33,40,37,42,1,38,14,26
uid521	82,81,25,13
uid32	82,104,59,76,11,88,27,13,72,81,79,49,68,24,6,66,106,97,33,56,47,26,85,54,99,103,102,80,86,78,43,2,31,50,105,60,14,73,67,44,34,9,69,55,58,75,93,62,3,4,108,107,63,41,5,57,37,42,1,70,77,52,0,98,17,15,32,29,28,101,30,87,100,20,65,46,25,39,40,71,61,38,45,53
uid285	24,27,36,32,40,29,42,37,41,30,38,28,25,31,26
uid468	82,5,4,10,6,81,0,1,9,8,3,11,7,13,16,12,2
uid99	35,94,44,0,9,47,8,11,7,88,27,17,15,80,10,93,36,32,81,29,91,28,3,4,16,30,12,84,87,92,24,6,48,86,85,20,46,43,90,2,22,41,25,31,5,39,33,40,37,42,1,18,89,38,45,14,26
uid73	44,0,9,27,15,80,10,36,32,81,29,91,28,3,30,84,92,24,6,46,90,41,25,31,5,33,40,37,42,1,89,38,45,14,26
uid117	82,35,0,9,8,11,7,21,27,13,17,15,80,10,93,36,32,81,29,91,28,3,4,16,30,12,84,87,92,24,6,86,85,20,46,43,90,22,2,41,25,31,5,39,33,40,37,42,1,18,89,38,45,14,26
uid402	44,0,9,8,11,88,7,27,17,10,32,29,4,3,28,16,12,30,87,24,6,86,20,2,25,41,31,5,39,33,40,42,1,18,85,14,26
uid354	94,44,9,0,8,11,7,88,27,10,32,29,4,3,28,16,12,30,87,24,6,86,46,22,2,25,41,31,5,33,40,37,42,1,85,14,26
uid137	35,44,0,9,8,11,7,88,27,13,15,80,10,36,32,81,29,91,28,3,4,16,30,84,87,92,24,6,86,85,46,2,90,22,41,25,31,5,33,40,37,42,1,89,38,45,14,26
uid199	35,44,0,9,8,11,7,27,15,80,10,36,32,81,29,91,28,3,4,30,92,24,6,90,2,22,41,25,31,5,33,40,37,42,1,89,38,45,14,26
uid280	82,44,0,9,88,27,13,15,80,10,81,29,91,28,3,4,87,92,24,6,86,85,46,90,25,41,31,5,33,40,42,1,89,38,45,14,26
uid383	82,36,81,32,29,37,25,31,26,13
uid428	44,9,8,7,88,27,10,32,29,4,28,3,30,87,24,6,86,46,25,41,31,5,33,40,37,42,1,85,14,26
uid365	87,24,27,40,86,26,42,81,41,88,25,31,85,13
uid151	94,0,9,8,11,7,27,15,80,10,81,29,91,3,28,4,30,84,92,24,6,2,90,22,25,31,41,5,33,40,37,42,1,89,45,14,26
uid52	82,35,94,0,9,44,8,11,7,88,27,13,15,80,10,93,36,32,81,29,91,28,3,4,16,30,12,84,87,92,24,6,46,90,2,22,41,25,31,5,33,40,37,109,42,1,89,38,14,26
uid560	82,44,88,27,81,26,29,28,87,24,86,46,41,25,31,33,40,42,45,85
uid534	94,44,9,0,8,7,88,27,17,10,32,29,4,28,3,16,30,12,87,24,6,86,85,46,22,41,25,31,5,39,33,40,37,42,1,38,45,14,26
uid121	0,9,11,7,27,15,80,10,36,32,81,29,28,3,4,30,84,92,24,6,90,2,41,25,31,5,33,40,37,42,1,89,38,45,14,26
uid491	9,8,7,27,13,10,32,29,4,28,3,16,30,24,6,46,2,25,41,31,5,33,40,37,42,1,38,14,26
uid388	81,13
uid390	0,9,8,11,7,27,17,10,32,29,4,3,28,16,12,30,24,6,20,43,2,25,31,41,5,39,33,40,37,42,1,18,14,26
uid366	44,34,83,88,27,32,29,3,28,30,84,87,24,6,86,41,25,31,5,33,40,37,42,1,85,26
uid513	15,92,80,10,81,1,89,91,11,90,14,2
uid549	44,9,0,8,11,7,88,21,27,13,17,15,10,93,32,29,4,28,3,30,12,84,87,24,6,86,46,22,2,41,25,31,5,39,33,40,37,42,1,38,85,14,26
uid83	76,11,88,21,27,13,72,81,79,49,16,12,68,24,6,66,22,33,56,47,85,26,54,80,91,84,86,78,43,2,31,50,60,14,73,67,44,9,34,8,69,7,55,58,75,10,62,36,3,4,92,108,90,41,63,5,57,37,42,1,18,70,35,77,52,0,17,15,32,29,28,30,87,48,20,65,46,25,39,40,71,89,61,38,45,53
uid158	44,0,9,8,11,7,88,27,15,80,10,36,32,81,29,91,28,3,4,30,84,87,92,24,6,86,85,46,90,2,41,25,31,5,33,40,37,42,1,89,38,45,14,26
uid108	82,35,94,0,9,8,11,7,21,27,13,17,15,80,10,93,36,32,81,29,91,28,3,4,16,30,12,84,87,92,24,6,86,85,20,46,90,2,22,41,25,31,5,39,33,40,37,42,1,18,89,38,45,14,26
uid317	94,0,9,8,11,88,7,27,13,17,10,81,32,29,4,3,28,16,12,30,87,24,6,86,20,43,22,2,25,41,31,5,39,33,40,37,42,1,18,85,14,26
uid291	94,0,9,8,11,7,88,21,27,17,10,29,3,28,4,16,30,12,87,24,6,86,46,22,2,41,25,31,5,39,33,40,37,42,1,38,85,14,26
uid82	82,35,94,0,9,44,8,11,7,21,27,13,17,15,80,10,93,36,32,81,29,91,28,3,4,16,30,12,84,87,92,24,6,86,85,20,46,43,90,2,22,41,25,31,5,39,33,40,37,96,42,1,18,89,38,45,14,26
uid79	44,0,9,8,7,27,15,80,10,36,32,81,29,91,28,3,4,30,87,92,24,6,86,85,46,90,2,41,25,31,5,33,40,37,42,1,89,38,45,14,26
uid501	0,9,27,15,80,10,32,81,29,91,28,3,4,30,84,92,24,6,90,25,31,5,33,37,1,89,14
uid161	94,44,0,9,8,83,11,7,88,21,27,17,15,80,10,36,32,81,29,91,28,3,4,16,30,12,84,87,92,24,6,48,86,85,20,46,43,90,2,22,41,25,31,5,39,33,40,37,42,1,18,89,38,45,14,26
uid103	59,11,88,27,13,72,81,49,12,68,24,6,66,22,33,56,47,85,26,54,80,91,84,86,43,2,31,50,60,14,73,94,67,44,9,34,8,69,7,55,58,75,10,93,36,62,3,4,92,108,90,41,63,5,57,37,42,1,18,70,52,0,17,15,51,32,29,28,30,87,48,20,65,46,25,39,40,109,71,89,61,38,45,53
uid37	82,94,44,0,9,8,11,7,88,27,13,17,15,80,10,93,36,32,81,29,91,28,3,4,16,30,12,84,87,92,24,6,86,85,20,46,90,2,22,41,25,31,5,39,33,40,37,96,42,1,109,18,89,38,45,14,26
uid389	44,9,27,32,29,3,4,28,30,84,24,6,46,41,25,31,5,33,40,37,42,1,14,26
uid143	35,44,0,9,8,11,7,27,13,15,80,10,36,32,81,29,91,28,3,4,30,84,92,24,6,90,2,22,41,25,31,5,33,40,37,42,1,89,38,45,14,26
uid93	82,94,44,0,9,8,11,7,88,27,13,17,15,80,10,93,36,32,81,29,91,28,3,4,16,30,12,84,87,92,24,6,86,85,46,90,2,22,41,25,31,5,33,40,37,42,1,89,38,45,14,26
uid554	82,87,24,28,33,27,40,86,26,44,42,81,25,88,41,31,85,13
uid128	94,44,0,9,47,8,11,7,88,27,13,17,15,80,10,93,36,32,81,29,91,28,3,4,16,30,12,87,92,24,6,86,85,20,46,43,90,2,22,41,25,31,5,39,33,40,37,42,1,18,89,38,45,14,26
uid81	35,94,44,0,9,8,11,7,21,27,13,17,15,80,10,93,36,32,81,29,91,28,3,4,16,30,12,84,87,92,24,6,86,85,20,46,43,90,2,22,41,25,31,5,39,33,40,37,109,42,1,18,89,38,45,14,26
uid56	52,54,55,51,29,3,68,92,24,108,6,65,25,50,5,57,40,1,56,53
uid500	27,32,29,28,3,30,84,24,6,41,25,31,5,33,40,37,42,1,26
uid355	94,44,9,0,8,11,7,88,27,17,10,32,29,4,3,28,16,12,30,87,24,6,86,20,22,2,25,31,41,5,39,33,40,42,1,18,85,14,26
uid88	82,59,76,11,88,21,27,13,72,81,79,49,16,12,68,24,6,66,22,33,56,85,26,54,80,91,86,78,43,2,31,50,60,14,73,94,67,44,9,34,8,69,7,55,58,75,10,93,36,62,3,4,92,90,41,63,5,57,37,42,1,18,70,77,0,17,15,51,32,29,28,30,87,20,65,46,25,39,40,109,71,89,61,38,45,53
uid397	4,90,92,80,10,6,81,0,9,89,91,3
uid16	82,44,9,0,8,11,7,88,27,13,15,80,10,93,32,81,29,28,3,4,16,30,12,87,92,24,6,86,85,20,46,43,22,2,41,25,31,5,39,33,40,37,96,42,1,18,45,14,26
uid136	44,0,9,11,7,27,15,80,10,36,32,81,29,91,28,3,4,30,84,92,24,6,46,90,2,41,25,31,5,33,40,37,42,1,89,38,45,14,26
uid253	82,44,9,8,11,7,27,17,32,29,49,3,28,4,30,24,6,48,20,46,43,2,22,41,25,31,5,39,33,40,37,42,1,18,45,47,26
uid104	82,35,94,52,44,0,9,8,83,11,7,88,54,27,13,17,15,80,10,93,36,32,81,29,51,62,49,91,53,28,3,4,16,30,12,84,87,92,24,68,108,6,86,85,20,65,66,46,43,90,2,22,41,25,31,50,63,5,39,33,57,40,37,42,1,56,18,89,61,38,45,14,26
uid508	44,9,8,7,27,10,32,29,4,28,3,30,84,24,6,46,25,41,31,5,33,40,42,1,38,14,26
uid387	25,29,13
uid168	35,44,0,9,8,11,7,21,88,27,13,17,15,80,10,93,36,32,81,29,91,28,3,4,30,84,87,92,24,6,46,90,2,22,41,25,31,5,33,40,37,42,1,89,38,45,14,26
uid422	44,83,11,27,36,32,29,28,3,4,30,84,24,6,46,41,25,31,5,33,40,37,42,1,38,26
uid307	44,9,8,27,13,80,10,32,29,4,3,28,30,24,6,46,25,41,31,5,33,40,37,42,1,38,14,26
uid45	82,44,0,9,8,11,7,88,21,27,13,15,80,10,93,36,32,81,29,91,28,3,4,30,12,84,87,92,24,6,86,85,90,2,41,25,31,5,33,40,37,42,1,89,38,45,14,26
uid438	24,33,27,26,37,29,42,40,32,44,46,25,38,28,41,31,30
uid213	5,4,7,17,39,24,28,6,22,29,1,8,46,3,25,31,26
uid479	44,9,0,8,7,88,27,10,32,29,3,28,4,16,30,87,24,6,86,46,2,22,41,25,31,5,33,40,109,42,1,38,85,14,26
uid557	81,42,13
uid408	5,24,39,28,27,6,36,32,37,29,1,8,3,7,25,31,26
uid464	94,0,9,34,8,11,7,21,27,17,10,32,29,4,3,28,16,12,30,24,6,20,46,2,22,25,31,5,39,33,1,18,26
uid260	82,44,88,27,13,81,29,28,30,87,84,24,48,86,46,41,25,31,33,40,37,42,38,85,26
uid443	44,9,0,8,7,88,27,10,32,29,4,3,28,16,30,87,24,6,48,86,22,2,25,41,31,5,33,40,42,1,85,14,26
uid257	82,44,88,27,13,36,32,81,29,28,30,84,87,24,86,85,46,41,25,31,5,33,40,37,42,1,38,45,26
uid471	94,44,9,0,34,8,7,88,27,13,17,80,10,26,32,29,4,3,28,16,12,30,87,24,6,86,20,22,41,31,25,5,39,33,40,42,1,18,14,85
uid322	59,77,52,67,0,34,76,8,11,69,7,54,55,58,75,27,60,72,80,32,29,79,53,4,28,3,64,30,68,24,108,6,48,20,65,66,46,78,43,22,2,25,31,50,63,41,5,57,33,39,40,37,42,1,71,56,61,70,38,45,47,26,73
uid430	94,0,9,8,11,7,88,27,17,10,32,29,4,28,3,16,30,12,87,92,24,6,86,46,2,22,25,41,31,5,33,40,37,42,1,38,85,14,26
uid424	82,44,9,0,8,11,7,88,27,13,17,80,10,32,29,4,3,28,16,12,30,87,92,24,6,22,2,25,31,41,5,33,40,42,1,14,26
uid15	82,104,59,76,11,88,27,13,72,81,79,68,24,6,66,106,22,97,33,56,85,26,54,99,103,102,80,86,78,43,2,31,50,105,60,14,73,44,9,34,8,7,55,58,75,10,62,36,4,3,92,107,63,41,5,57,37,42,1,70,77,52,0,98,17,51,32,29,28,101,30,87,100,65,46,25,39,40,71,61,38,45,53
uid265	82,44,88,27,13,36,32,81,29,28,30,84,87,24,86,85,46,41,25,31,33,40,37,42,38,45,26
uid510	94,0,9,8,11,7,27,17,15,80,10,93,36,81,29,91,3,4,30,92,24,6,90,22,25,31,41,5,33,40,37,42,1,89,38,14,26
uid475	24,33,36,40,37,29,42,26,41,30,25,31,27
uid288	72,40,29,71,34,42,41,70,38,25,31,26,73
uid205	35,44,27,36,32,29,28,30,24,46,41,25,31,40,37,42,38,45,26
uid243	82,0,9,8,11,88,7,21,27,13,15,10,93,81,26,29,32,3,4,28,16,12,30,87,24,6,86,20,2,41,25,31,5,39,33,40,42,1,18,14,85
uid515	82,0,9,11,7,88,27,13,15,80,10,81,26,91,4,3,87,92,24,6,86,90,2,41,25,31,33,40,42,1,89,14,85
uid415	17,7,5,4,39,80,10,6,1,9,20,8,18,3,21,14,16,13
uid290	94,44,9,0,8,7,88,27,10,36,32,81,29,28,3,4,30,84,87,92,24,6,86,46,2,22,41,25,31,5,33,40,37,42,1,38,85,14,26
uid485	9,27,32,29,28,3,30,24,6,25,41,31,5,33,40,42,1,38,14,26
uid212	5,4,7,17,39,10,6,1,9,8,3
uid435	0,9,8,7,27,13,15,80,10,81,32,29,91,3,4,28,30,92,24,6,46,90,25,31,41,5,33,40,37,42,1,89,14,26
uid562	87,24,33,27,40,86,26,42,44,25,88,41,31,85
uid318	0,9,8,7,27,17,15,80,10,81,32,29,91,4,3,28,30,92,24,6,46,90,25,31,41,5,33,40,37,42,1,89,38,14,26
uid400	44,9,0,8,7,27,15,80,10,81,29,91,4,3,28,30,92,24,6,90,22,25,31,5,33,37,1,89,14,26
uid498	94,44,9,8,7,27,10,32,29,4,3,28,30,84,24,6,46,25,41,31,5,33,40,37,42,1,38,14,26
uid449	9,8,7,13,10,32,29,28,3,4,30,24,6,46,2,25,41,31,5,33,40,37,42,1,14,26
uid461	7,4,5,10,6,9,1,8,3,13
uid28	82,59,94,77,52,0,9,44,34,8,76,11,69,7,55,58,54,75,27,60,13,17,72,80,51,62,93,32,81,29,79,49,53,28,3,4,30,68,24,108,6,48,20,65,66,46,78,43,2,22,25,31,41,50,63,5,39,33,57,40,37,42,1,71,56,18,61,70,38,45,47,26,73
uid564	82,44,0,9,88,27,13,15,80,10,81,29,91,28,30,87,92,24,86,85,46,90,25,41,31,33,40,42,89,38,45,14,26
uid398	0,9,8,7,27,15,80,10,36,81,29,91,3,28,4,30,84,92,24,6,2,90,25,31,5,33,37,1,89,38,14,26
uid440	94,0,9,8,7,88,27,13,15,80,10,93,32,81,29,91,4,3,28,16,30,87,92,24,6,86,46,90,2,22,25,31,41,5,33,40,37,42,1,89,85,14,26
uid350	82,88,27,13,36,32,26,29,81,28,3,30,84,87,24,6,86,46,41,25,31,33,40,37,42,38,85
uid64	35,24,27,36,32,37,29,44,38,28,45,25,31,26
uid352	27,32,29,28,3,30,84,24,6,46,2,25,41,31,5,33,40,37,42,1,45,26
uid446	94,0,9,8,7,88,21,27,13,10,81,29,4,28,3,16,30,12,87,24,6,48,86,46,2,22,25,41,31,5,33,40,37,42,1,85,14,26
uid211	5,4,7,17,39,10,6,22,1,9,8,3,14,2
uid450	59,94,52,0,9,34,44,8,67,11,7,54,58,55,27,60,17,15,10,32,29,53,28,3,4,16,30,68,24,108,6,48,20,65,66,46,14,43,22,2,25,31,41,50,5,39,33,57,40,37,42,1,56,18,61,38,45,47,26
uid242	59,94,52,44,9,67,8,7,54,55,58,27,60,17,10,62,32,29,49,53,4,3,28,64,30,68,24,108,6,20,65,66,46,43,22,25,31,41,50,63,5,39,33,57,40,37,42,1,56,18,61,38,45,14,26
uid176	82,59,76,11,88,27,13,72,81,79,49,16,12,68,24,6,66,22,33,56,47,85,26,54,80,91,84,86,78,43,2,31,50,60,14,73,67,44,9,34,8,69,7,55,58,75,10,62,36,3,4,92,108,90,41,63,5,57,37,42,1,18,70,35,77,52,0,17,15,51,32,29,28,30,87,48,20,65,46,25,39,40,71,89,61,38,45,53
uid195	82,0,9,8,11,7,21,88,27,13,17,15,80,10,93,36,32,81,29,91,28,3,4,16,30,12,84,87,92,24,6,86,85,20,46,43,90,2,22,41,25,31,5,39,33,40,37,42,1,18,89,38,45,14,26
uid528	82,44,0,9,88,27,13,80,10,36,32,81,29,91,28,30,84,87,24,86,85,90,41,25,31,33,40,37,42,89,38,45,26
uid376	82,81,13
uid90	82,35,94,44,0,9,8,11,7,88,21,27,13,17,15,80,10,93,36,32,81,29,91,28,3,4,16,30,12,84,87,92,24,6,86,85,20,46,43,90,2,22,41,25,31,5,39,33,40,37,42,1,18,89,38,45,14,26
uid268	82,87,24,33,28,40,86,26,44,42,81,25,88,85,41,31,27
uid573	14,9
uid426	94,44,9,0,8,7,27,17,15,80,10,36,81,32,29,91,3,4,28,30,84,92,24,6,46,90,22,25,31,41,5,33,40,37,42,1,89,38,14,26
uid516	24,33,27,26,37,29,28,25,31,30,13
uid572	5,15,10,9,1,91,14
uid118	82,94,44,0,9,34,8,11,7,88,27,13,15,80,10,93,36,32,81,29,91,28,3,4,16,30,12,87,92,24,6,86,85,20,46,43,90,2,22,41,25,31,5,39,33,40,37,42,1,18,89,38,45,14,26
uid120	82,59,11,88,27,13,81,49,16,12,68,24,6,66,22,33,56,47,85,26,54,80,91,84,86,43,2,31,50,60,14,67,44,9,34,8,7,55,58,10,62,36,3,4,92,90,41,63,5,57,37,42,1,18,35,52,0,17,15,51,32,29,28,30,87,48,20,65,46,25,39,40,89,61,38,45,53
uid371	0,9,44,88,27,13,80,81,87,24,86,25,41,31,33,40,42,89,85,26
uid31	35,59,77,52,67,44,34,76,11,69,54,55,58,75,27,60,72,80,36,32,29,79,53,4,3,28,30,68,24,108,6,48,65,66,46,78,43,25,31,50,41,5,57,33,39,40,37,42,1,71,56,61,70,38,45,26,73
uid236	0,9,44,8,7,27,13,17,80,10,93,36,32,29,4,3,28,16,30,84,24,6,20,22,25,31,41,5,39,33,40,37,42,1,18,38,45,14,26
uid439	59,52,44,67,34,8,11,69,7,54,55,58,27,60,17,72,10,62,32,29,49,53,28,3,4,30,68,24,108,6,48,65,66,46,43,25,41,31,50,63,5,39,33,57,40,37,42,1,71,56,61,70,38,45,47,26,73
uid327	94,0,9,44,8,7,88,27,17,45,10,93,81,32,29,4,3,28,16,12,30,87,24,6,86,20,46,43,22,25,41,31,5,39,33,40,37,42,1,18,38,85,14,26
uid245	0,9,44,47,8,11,7,27,13,17,93,10,32,29,28,3,4,30,24,6,48,20,46,43,2,25,31,41,5,39,33,40,37,42,1,18,14,26
uid507	82,44,9,0,34,8,11,7,88,21,27,13,17,10,93,26,81,29,32,4,3,28,16,12,30,87,24,6,86,22,2,41,31,25,5,33,40,42,1,14,85
uid69	35,24,27,36,32,37,29,44,40,42,41,30,38,28,45,25,31,26
uid222	5,4,7,17,39,24,10,6,93,29,1,9,8,3,25,13
uid96	82,59,76,11,27,13,72,81,79,49,16,12,68,24,6,66,22,33,56,85,26,54,80,91,84,86,78,43,2,31,50,60,14,73,94,44,9,34,8,69,7,55,58,75,10,93,36,62,3,4,64,92,108,90,41,63,5,57,37,96,42,1,18,70,77,52,0,17,15,51,32,29,28,30,87,20,65,46,25,39,40,71,89,61,38,45,53
uid163	82,35,94,44,0,9,8,11,7,88,27,13,17,15,80,10,36,32,81,29,91,28,3,4,16,30,12,84,87,92,24,6,48,86,85,20,46,43,90,2,22,41,25,31,5,39,33,40,37,42,1,18,89,38,45,14,26
uid13	0,9,44,8,7,27,17,15,80,10,81,32,29,91,4,3,28,16,30,92,24,6,46,90,22,25,31,41,5,33,40,37,42,1,89,45,14,26
uid429	44,9,0,8,11,7,88,27,17,10,32,29,4,28,3,16,30,12,84,87,92,24,6,86,85,46,22,2,41,25,31,5,39,33,40,42,1,45,14,26
uid254	82,44,27,13,93,81,32,29,28,30,84,24,46,41,25,31,33,40,37,42,38,26
uid496	44,9,8,7,27,10,32,29,4,28,3,30,24,6,46,22,2,25,41,31,5,33,40,37,42,1,38,45,14,26
uid419	82,35,94,0,9,44,8,11,7,27,13,17,10,93,36,81,32,29,4,3,28,16,12,30,84,24,6,20,2,22,25,31,41,5,39,40,37,42,1,18,38,45,14,26
uid149	0,9,44,8,11,7,27,15,80,10,36,32,81,29,91,28,3,4,30,84,92,24,6,46,90,2,22,41,25,31,5,33,40,37,42,1,89,38,45,14,26
uid374	82,44,0,9,88,27,13,80,32,81,29,28,30,84,87,24,86,85,46,90,25,41,31,33,40,42,89,38,45,26
uid488	27,32,29,28,3,4,30,24,6,46,41,25,31,5,33,40,37,42,1,38,45,26
uid283	82,87,24,33,27,93,40,86,26,42,81,41,88,25,31,85,13
uid80	82,59,11,88,21,27,13,72,81,49,16,12,68,24,6,66,22,33,56,85,26,54,80,91,84,86,43,2,31,50,60,14,73,94,67,44,9,34,8,69,7,55,58,75,10,93,36,3,4,92,108,90,41,63,5,57,37,42,1,18,70,35,52,0,83,17,15,32,29,28,30,87,20,65,46,25,39,40,71,89,61,38,45,53
uid348	44,0,9,11,7,88,27,15,80,10,36,32,81,29,91,28,3,4,30,87,92,24,6,86,85,46,90,2,25,41,31,5,33,40,37,42,1,89,38,45,14,26
uid100	44,0,9,8,11,7,21,27,13,17,15,80,10,93,36,32,81,29,91,28,3,4,30,12,84,92,24,6,46,90,2,41,25,31,5,33,40,37,42,1,89,38,45,14,26
uid302	94,44,9,8,11,7,27,10,32,29,28,3,4,30,84,24,6,46,2,22,41,25,31,5,33,40,42,1,38,14,26
uid423	0,9,44,8,7,88,27,17,10,26,32,29,4,3,28,16,12,30,87,24,6,86,20,46,43,2,25,41,31,5,39,33,40,37,42,1,18,38,85
uid113	82,35,94,0,9,8,11,7,21,27,13,17,15,80,10,93,36,32,81,29,49,91,28,3,4,16,30,12,84,87,92,24,6,86,85,20,46,43,90,2,22,41,25,31,5,39,33,40,37,109,42,1,96,18,89,38,45,14,26
uid326	11,27,36,32,29,3,30,24,6,2,25,41,31,5,33,40,37,42,1,38,26
uid473	94,44,9,0,8,11,7,88,27,13,17,10,26,32,29,4,3,28,16,12,30,87,24,6,86,20,2,22,25,41,31,5,39,33,40,109,42,1,18,14,85
uid527	84,24,27,36,32,40,29,42,37,41,30,38,28,45,25,31,26
uid232	44,27,36,32,29,28,30,24,46,41,25,31,33,40,37,42,38,45,26
uid336	24,27,36,32,29,44,38,28,45,25,31,26
uid319	94,0,9,8,88,7,27,17,10,32,29,4,3,28,16,12,30,87,24,6,86,20,46,43,41,25,31,5,39,33,40,37,42,1,18,85,14,26
uid525	24,33,81,37,29,25,31,13
uid259	82,44,88,27,13,36,32,26,29,81,28,30,87,24,86,25,41,31,33,40,37,42,38,85
uid282	82,44,0,88,27,13,80,32,81,29,28,3,4,30,84,87,24,6,86,85,46,41,25,31,5,33,40,37,42,1,89,38,45,26
uid465	94,44,9,0,8,11,7,88,27,13,10,93,26,81,29,4,3,28,16,12,87,24,6,86,46,22,2,41,25,31,5,33,40,42,1,45,14,85
uid144	59,76,11,88,27,13,72,81,79,49,16,12,68,24,6,66,22,33,56,47,85,26,54,80,91,84,86,78,43,2,31,50,60,14,73,67,44,9,34,8,69,7,55,58,75,10,93,36,62,3,4,92,108,90,41,63,5,57,37,42,1,18,70,77,52,0,17,15,51,32,29,28,30,87,48,20,65,46,25,39,40,71,89,61,38,45,53
uid552	83,27,32,29,3,28,30,84,24,6,41,25,31,5,33,40,37,42,1,38,26
uid399	0,9,27,80,36,32,81,29,28,30,84,24,90,41,25,31,40,37,42,89,38,26
uid404	82,0,9,44,8,11,7,27,13,17,80,32,29,28,3,4,16,30,24,6,20,43,2,25,31,41,5,39,33,40,37,42,1,18,38,45,14,26
uid517	44,27,36,32,29,28,30,84,24,86,85,41,25,31,33,40,37,42,38,45,26
uid332	24,27,36,32,40,29,42,37,41,38,28,45,25,31,26
uid47	82,94,44,0,9,34,8,11,7,88,27,13,17,15,80,10,93,36,32,81,29,91,28,3,4,16,30,12,84,87,92,24,6,86,85,20,46,43,90,2,22,41,25,31,5,39,33,40,37,96,42,1,18,89,38,45,14,26
uid182	35,94,44,9,0,8,83,11,7,88,27,17,15,80,10,36,32,81,29,91,28,3,4,16,30,12,84,87,92,24,6,86,85,46,2,90,41,25,31,5,33,40,37,42,1,89,38,45,14,26
uid269	44,88,27,36,32,26,29,28,30,87,24,86,41,25,31,33,40,37,42,38,45,85
uid48	44,0,9,8,83,11,7,27,13,17,15,80,10,93,36,32,81,29,91,28,3,4,16,30,84,92,24,6,46,90,2,41,25,31,5,33,40,37,42,1,89,38,45,14,26
uid531	24,27,36,32,40,29,42,37,41,30,38,28,45,25,31,26
uid539	82,0,9,8,11,7,88,13,17,15,10,93,32,26,29,81,3,4,28,12,30,24,6,86,46,2,41,25,31,5,39,33,40,96,42,1,14,85
uid432	27,32,29,4,28,3,30,84,24,6,46,41,25,31,5,33,40,37,42,1,38,45,26
uid18	82,59,94,52,44,9,0,34,8,11,7,88,54,58,27,13,60,17,15,72,80,10,93,26,81,29,32,53,4,28,3,64,16,12,30,87,68,24,108,6,48,86,20,65,66,46,43,22,2,25,41,31,50,63,5,39,33,57,40,37,109,42,1,71,56,18,61,70,38,45,14,85,73
uid503	94,8,11,7,27,15,80,10,36,29,91,4,3,28,30,92,24,6,22,2,25,31,5,33,37,1,89,38,14,26
uid171	35,94,44,0,9,34,8,47,11,7,88,27,13,17,15,80,10,93,36,32,81,29,91,28,3,4,16,30,12,84,87,92,24,6,48,86,85,20,46,43,90,2,41,25,31,5,39,33,40,37,42,1,18,89,38,45,14,26
uid472	44,9,0,8,11,7,88,27,17,10,32,29,4,3,28,16,12,30,87,24,6,86,22,2,41,31,25,5,33,40,42,1,85,14,26
uid535	94,44,9,0,8,7,88,10,32,29,28,3,4,16,30,84,87,24,6,86,46,22,25,41,31,5,33,40,42,1,38,85,14,26
uid323	82,94,0,9,8,11,7,27,13,17,15,10,93,26,81,4,3,16,12,87,24,6,86,22,2,41,25,31,5,33,40,96,42,1,14,85
uid544	44,9,8,11,7,88,27,10,32,29,4,28,3,30,87,24,6,86,46,41,25,31,5,33,40,42,1,85,14,26
uid333	0,9,8,7,13,15,80,10,93,81,91,4,3,92,6,90,5,1,89,14
uid208	5,7,4,17,39,10,6,1,9,8,3,14
uid492	94,44,9,0,34,8,11,7,88,21,27,13,17,15,10,93,32,29,3,4,28,16,12,30,87,24,6,86,20,43,22,2,25,31,41,5,39,33,40,37,42,1,18,85,14,26
